{"metadata":{"formatVersion":2,"generatedBy":"LeapJS Playback 0.2.1","frames":973,"protocolVersion":6,"serviceVersion":"2.3.1+31549","frameRate":"1.1e+2","modified":"Mon Oct 19 2015 00:33:40 GMT+0200 (CEST)"},"frames":[["id","timestamp",{"hands":[["id","type","direction","palmNormal","palmPosition","palmVelocity","stabilizedPalmPosition","pinchStrength","grabStrength","confidence","armBasis","armWidth","elbow","wrist"]]},{"pointables":[["id","direction","handId","length","stabilizedTipPosition","tipPosition","tipVelocity","tool","carpPosition","mcpPosition","pipPosition","dipPosition","btipPosition","bases","type"]]},{"interactionBox":["center","size"]}],[272496,10900208860,[[141,"right",[-0.978858,0.16124,-0.125854],[-0.162706,-0.986674,0.0013885],[71.7083,181.513,34.5015],[1.65408,6.53919,1.61295],[70.5445,173.684,28.1998],0,0,0.941667,[[-0.0983963,-0.0543055,-0.993664],[-0.144098,0.988764,-0.0397686],[0.984659,0.139272,-0.105116]],60.557,[376.17,212.868,6.79529],[123.509,177.131,33.7678]]],[[1410,[-0.889141,-0.311898,0.334885],141,49.5294,[31.9543,137.078,90.8308],[36.107,137.925,95.2017],[8.2133,9.38808,7.0015],false,[121.664,167.071,61.0688],[121.664,167.071,61.0688],[79.2499,151.887,75.9352],[50.439,141.78,86.7865],[31.9554,136.461,97.9562],[[[0.0044003,0.905184,-0.424998],[0.355021,0.395902,0.846889],[0.934848,-0.15461,-0.319617]],[[-0.401612,0.882637,-0.244254],[0.198412,0.344232,0.91768],[0.894058,0.320089,-0.313373]],[[-0.401612,0.882637,-0.244254],[0.219399,0.35167,0.910051],[0.889141,0.311898,-0.334885]],[[-0.401612,0.882637,-0.244254],[0.384839,0.404669,0.829543],[0.831027,0.239156,-0.502193]]],0],[1411,[-0.98848,-0.136792,-0.0647752],141,55.8883,[-28.3241,189.612,52.9031],[-28.771,186.599,50.8077],[-6.00203,-16.3337,-16.9975],false,[115.683,186.879,52.1591],[45.8352,187.89,55.1121],[5.39444,192.871,52.5041],[-17.3115,189.729,51.0162],[-32.5163,184.121,50.0059],[[[-0.0421588,0.00554616,-0.999096],[0.014676,0.99988,0.00493124],[0.999003,-0.0144548,-0.0422351]],[[0.0648424,0.00396967,-0.997888],[0.121493,0.992522,0.0118429],[0.990472,-0.122004,0.0638752]],[[0.0648424,0.00396967,-0.997888],[-0.136761,0.990592,-0.00494601],[0.98848,0.136792,0.0647752]],[[0.0648424,0.00396967,-0.997888],[-0.344893,0.938456,-0.0186778],[0.9364,0.345375,0.0622209]]],1],[1412,[-0.962901,-0.113556,-0.244798],141,63.6803,[-33.3138,188.639,12.6168],[-33.3853,188.291,12.0862],[-9.81623,-4.21577,-5.2532],false,[114.66,188.569,40.625],[48.6604,189.475,34.3318],[4.98732,194.475,21.4473],[-21.0349,191.407,14.8316],[-37.6968,186.116,11.1794],[[[0.0913178,-0.166995,-0.98172],[0.0292666,0.985863,-0.164977],[0.995392,-0.0136663,0.0949142]],[[0.261375,-0.166853,-0.950707],[0.150714,0.97992,-0.130545],[0.953398,-0.109164,0.281274]],[[0.261375,-0.166853,-0.950707],[-0.0671128,0.979421,-0.190344],[0.962901,0.113556,0.244798]],[[0.261375,-0.166853,-0.950707],[-0.247533,0.940421,-0.233102],[0.932958,0.296258,0.204501]]],2],[1413,[-0.958974,-0.0504331,-0.278972],141,61.2303,[-21.6081,191.647,-8.42805],[-21.4931,187.237,-9.16737],[2.15662,-14.8256,-1.47281],false,[114.969,187.483,29.0043],[57.2358,188.033,14.4985],[16.7855,189.834,1.7108],[-8.46131,188.506,-5.63366],[-25.4661,186.275,-10.2332],[[[0.234335,-0.241026,-0.941803],[0.0674321,0.970475,-0.231585],[0.969814,-0.0092393,0.243669]],[[0.282754,-0.241186,-0.928375],[0.112006,0.969552,-0.21777],[0.95263,-0.0424084,0.301159]],[[0.282754,-0.241186,-0.928375],[0.0204632,0.969168,-0.245551],[0.958974,0.0504331,0.278972]],[[0.282754,-0.241186,-0.928375],[-0.0541577,0.962313,-0.266497],[0.957662,0.125632,0.259036]]],3],[1414,[-0.736689,-0.156233,-0.657936],141,48.0034,[19.5812,178.737,-47.2834],[19.7164,173.907,-46.4124],[0.317062,-5.99839,5.29181],false,[117.39,179.869,18.0901],[66.4297,182.332,-2.7368],[42.3861,180.478,-26.1396],[28.6925,177.574,-38.3693],[16.4499,173.685,-48.535],[[[0.330621,-0.39749,-0.855974],[0.188473,0.916518,-0.352807],[0.924753,-0.0446825,0.377936]],[[0.658952,-0.384392,-0.646549],[0.232037,0.921521,-0.311382],[0.715501,0.0551625,0.696431]],[[0.658952,-0.384392,-0.646549],[0.151893,0.909854,-0.386128],[0.736689,0.156233,0.657936]],[[0.658952,-0.384392,-0.646549],[0.0850764,0.892133,-0.44369],[0.747359,0.237364,0.620575]]],4]],[[0,143.966,0],[169.338,169.338,106.356]]],[272497,10900217905,[[141,"right",[-0.97902,0.159989,-0.126189],[-0.161515,-0.986868,0.00189013],[71.7381,181.581,34.5261],[2.10624,6.79829,1.92004],[70.5548,173.752,28.2543],0,0,0.94541,[[-0.0987348,-0.0547167,-0.993608],[-0.143773,0.988795,-0.0401649],[0.984673,0.138888,-0.105495]],60.557,[376.208,212.9,6.7381],[123.544,177.261,33.8079]]],[[1410,[-0.888992,-0.312967,0.334283],141,49.5294,[31.9844,137.083,90.8627],[36.1961,137.99,95.2574],[8.77129,9.22158,6.92539],false,[121.704,167.214,61.114],[121.704,167.214,61.114],[79.2938,151.969,75.9284],[50.4877,141.828,86.7602],[32.0611,136.55,98.043],[[[0.00341456,0.904955,-0.425494],[0.354329,0.396796,0.846761],[0.935115,-0.153656,-0.319297]],[[-0.402587,0.882025,-0.244857],[0.196752,0.344619,0.917893],[0.893987,0.321355,-0.312279]],[[-0.402587,0.882025,-0.244857],[0.218214,0.352254,0.91011],[0.888992,0.312967,-0.334283]],[[-0.402587,0.882025,-0.244857],[0.389322,0.407078,0.826266],[0.828464,0.237315,-0.507276]]],0],[1411,[-0.988753,-0.134102,-0.0662177],141,55.8883,[-28.3397,189.525,52.8462],[-28.8045,186.498,50.7129],[-6.29025,-13.0881,-15.4645],false,[115.702,187.009,52.1919],[45.8521,187.937,55.1267],[5.38229,192.64,52.452],[-17.3299,189.559,50.931],[-32.5936,184.118,49.897],[[[-0.041913,0.00494607,-0.999109],[0.0134673,0.9999,0.00438503],[0.99903,-0.0132715,-0.0419754]],[[0.0663507,0.00348213,-0.99779],[0.114685,0.99334,0.0110929],[0.991184,-0.115167,0.0655094]],[[0.0663507,0.00348213,-0.99779],[-0.134036,0.990961,-0.0054548],[0.988753,0.134102,0.0662177]],[[0.0663507,0.00348213,-0.99779],[-0.334591,0.942173,-0.0189615],[0.940025,0.33511,0.0636789]]],1],[1412,[-0.962854,-0.112104,-0.245652],141,63.6803,[-33.3449,188.565,12.5835],[-33.4022,188.174,12.065],[-8.24755,-5.92199,-4.78778],false,[114.679,188.692,40.6566],[48.6806,189.515,34.3463],[4.97405,194.238,21.4709],[-21.0469,191.209,14.8322],[-37.7417,186.053,11.1374],[[[0.0917674,-0.167424,-0.981605],[0.0281177,0.985807,-0.165512],[0.995383,-0.0124119,0.0951725]],[[0.261954,-0.167058,-0.950511],[0.14497,0.98054,-0.132383],[0.95413,-0.103117,0.281074]],[[0.261954,-0.167058,-0.950511],[-0.0655182,0.979553,-0.190218],[0.962854,0.112104,0.245652]],[[0.261954,-0.167058,-0.950511],[-0.239851,0.942732,-0.231791],[0.9348,0.288699,0.206883]]],2],[1413,[-0.958841,-0.0517583,-0.279188],141,61.2303,[-21.6052,191.478,-8.45363],[-21.4601,187.161,-9.16903],[2.59529,-12.9984,-1.10041],false,[114.993,187.6,29.0366],[57.2628,188.072,14.516],[16.813,189.811,1.71817],[-8.43034,188.448,-5.63197],[-25.4313,186.196,-10.2352],[[[0.234864,-0.24126,-0.941612],[0.0663186,0.970428,-0.232102],[0.969763,-0.00793404,0.243918]],[[0.283285,-0.241354,-0.928169],[0.110751,0.969573,-0.218319],[0.952619,-0.0409488,0.301396]],[[0.283285,-0.241354,-0.928169],[0.0193428,0.969056,-0.246083],[0.958841,0.0517583,0.279188]],[[0.283285,-0.241354,-0.928169],[-0.0551566,0.962113,-0.267015],[0.957448,0.126836,0.25924]]],3],[1414,[-0.736637,-0.157538,-0.657683],141,48.0034,[19.5782,178.691,-47.2711],[19.7517,173.881,-46.377],[1.38183,-5.74209,4.99948],false,[117.426,179.983,18.1271],[66.468,182.372,-2.71391],[42.4208,180.471,-26.1094],[28.7282,177.543,-38.3343],[16.4883,173.635,-48.4958],[[[0.331317,-0.397561,-0.855672],[0.187455,0.916551,-0.353264],[0.924711,-0.0433578,0.378194]],[[0.659282,-0.383997,-0.646447],[0.230776,0.9216,-0.312083],[0.715605,0.0565661,0.696211]],[[0.659282,-0.383997,-0.646447],[0.150708,0.909796,-0.386728],[0.736637,0.157538,0.657683]],[[0.659282,-0.383997,-0.646447],[0.0839736,0.891981,-0.444205],[0.747192,0.238572,0.620312]]],4]],[[0,143.966,0],[169.338,169.338,106.356]]],[272498,10900226930,[[141,"right",[-0.979181,0.158806,-0.126436],[-0.160375,-0.987054,0.00225739],[71.7639,181.641,34.5579],[2.31273,6.7612,2.36205],[70.5648,173.817,28.3061],0,0,0.948061,[[-0.0992409,-0.0550022,-0.993542],[-0.143455,0.988831,-0.0404123],[0.984668,0.138518,-0.106023]],60.557,[376.238,212.924,6.6459],[123.575,177.381,33.8511]]],[[1410,[-0.888784,-0.31405,0.33382],141,49.5294,[32.0147,137.088,90.8947],[36.2816,138.037,95.3144],[9.08318,8.41756,6.87391],false,[121.742,167.343,61.1609],[121.742,167.343,61.1609],[79.337,152.037,75.9288],[50.5376,141.86,86.7456],[32.1623,136.614,98.1264],[[[0.00244794,0.904787,-0.425858],[0.353712,0.397545,0.846667],[0.935351,-0.152704,-0.319061]],[[-0.403583,0.881454,-0.245274],[0.195259,0.344877,0.918114],[0.893865,0.322643,-0.311299]],[[-0.403583,0.881454,-0.245274],[0.217219,0.35272,0.910167],[0.888784,0.31405,-0.33382]],[[-0.403583,0.881454,-0.245274],[0.393167,0.409142,0.823422],[0.82616,0.235885,-0.511681]]],0],[1411,[-0.988953,-0.131994,-0.0674522],141,55.8883,[-28.3541,189.449,52.796],[-28.8361,186.379,50.6421],[-6.30719,-11.8253,-13.5381],false,[115.718,187.127,52.2297],[45.8667,187.976,55.1512],[5.36917,192.398,52.42],[-17.3477,189.366,50.8706],[-32.6627,184.076,49.8158],[[[-0.0417326,0.00449565,-0.999119],[0.0123109,0.999916,0.00398502],[0.999053,-0.0121337,-0.0417844]],[[0.0676296,0.00314356,-0.997706],[0.107861,0.994111,0.0104436],[0.991863,-0.108319,0.0668923]],[[0.0676296,0.00314356,-0.997706],[-0.131903,0.991246,-0.00581784],[0.988953,0.131993,0.0674522]],[[0.0676296,0.00314356,-0.997706],[-0.325293,0.945421,-0.0190712],[0.943192,0.325836,0.0649611]]],1],[1412,[-0.962808,-0.110514,-0.246552],141,63.6803,[-33.3744,188.495,12.5525],[-33.4202,188.069,12.0534],[-7.05877,-6.71405,-4.24345],false,[114.696,188.804,40.6936],[48.6973,189.548,34.3706],[4.96133,194.013,21.5027],[-21.0584,191.026,14.8397],[-37.7843,186.004,11.1022],[[[0.0921437,-0.167713,-0.98152],[0.0270093,0.985772,-0.165904],[0.995379,-0.0112232,0.0953625]],[[0.262543,-0.167133,-0.950336],[0.139582,0.981104,-0.133983],[0.954771,-0.097473,0.280911]],[[0.262543,-0.167133,-0.950336],[-0.0638188,0.979721,-0.189932],[0.962808,0.110514,0.246552]],[[0.262543,-0.167133,-0.950336],[-0.232283,0.944975,-0.230362],[0.936545,0.281226,0.209274]]],2],[1413,[-0.958688,-0.0530933,-0.27946],141,61.2303,[-21.6014,191.319,-8.47722],[-21.4328,187.075,-9.16158],[2.78213,-11.9671,-0.653909],false,[115.013,187.708,29.074],[57.2848,188.107,14.5425],[16.8354,189.777,1.73422],[-8.4039,188.38,-5.6231],[-25.4008,186.108,-10.2317],[[[0.235318,-0.241368,-0.941471],[0.0652402,0.970411,-0.23248],[0.969726,-0.00671506,0.244102]],[[0.283877,-0.241399,-0.927977],[0.109312,0.969629,-0.218795],[0.95261,-0.0393279,0.301643]],[[0.283877,-0.241399,-0.927977],[0.0181921,0.968972,-0.246499],[0.958688,0.0530933,0.27946]],[[0.283877,-0.241399,-0.927977],[-0.0560562,0.961957,-0.267387],[0.957221,0.127924,0.259545]]],3],[1414,[-0.736794,-0.158748,-0.657216],141,48.0034,[19.5758,178.651,-47.2601],[19.7678,173.863,-46.323],[1.52078,-5.486,5.46507],false,[117.457,180.089,18.1681],[66.4998,182.411,-2.68338],[42.4411,180.464,-26.0632],[28.7456,177.513,-38.2794],[16.5053,173.588,-48.4338],[[[0.331935,-0.397522,-0.85545],[0.186462,0.916625,-0.353598],[0.92469,-0.0421369,0.378383]],[[0.659395,-0.383564,-0.646589],[0.229386,0.921694,-0.312831],[0.715947,0.0579607,0.695744]],[[0.659395,-0.383564,-0.646589],[0.14944,0.909768,-0.387285],[0.736794,0.158748,0.657216]],[[0.659395,-0.383564,-0.646589],[0.0828314,0.891888,-0.444607],[0.74722,0.239613,0.619877]]],4]],[[0,143.966,0],[169.338,169.338,106.356]]],[272499,10900235984,[[141,"right",[-0.979226,0.158675,-0.126248],[-0.160209,-0.987081,0.00202763],[71.796,181.633,34.5598],[2.65412,4.65045,1.76552],[70.5745,173.879,28.3555],0,0,0.936446,[[-0.100692,-0.0544073,-0.993429],[-0.141296,0.989165,-0.0398523],[0.984833,0.136355,-0.107288]],60.557,[376.313,212.37,6.31417],[123.608,177.382,33.844]]],[[1410,[-0.888823,-0.314387,0.333398],141,49.5294,[32.0455,137.093,90.9268],[36.3555,138.02,95.3309],[8.94208,6.10607,5.68451],false,[121.78,167.336,61.1515],[121.78,167.336,61.1515],[79.3673,152.002,75.8671],[50.5667,141.815,86.6703],[32.2544,136.628,98.179],[[[0.00223262,0.904897,-0.425625],[0.353773,0.397387,0.846716],[0.935329,-0.152465,-0.319241]],[[-0.403697,0.881471,-0.245027],[0.19423,0.344288,0.918553],[0.894038,0.323225,-0.310196]],[[-0.403697,0.881471,-0.245027],[0.216848,0.352377,0.910389],[0.888823,0.314387,-0.333398]],[[-0.403697,0.881471,-0.245027],[0.398956,0.410623,0.819892],[0.823325,0.233233,-0.517435]]],0],[1411,[-0.989328,-0.128412,-0.0688537],141,55.8883,[-28.3673,189.382,52.7511],[-28.8562,186.27,50.5544],[-6.05416,-10.5595,-12.9109],false,[115.752,187.122,52.2264],[45.9009,187.958,55.1585],[5.37778,192.102,52.3702],[-17.3477,189.153,50.7886],[-32.7261,184.054,49.7078],[[[-0.0418831,0.00474554,-0.999111],[0.0121441,0.999917,0.00424028],[0.999049,-0.0119557,-0.0419373]],[[0.0689899,0.00339262,-0.997612],[0.101026,0.99483,0.0103696],[0.992489,-0.1015,0.0682904]],[[0.0689899,0.00339262,-0.997612],[-0.128339,0.991715,-0.00550274],[0.989328,0.128412,0.0688537]],[[0.0689899,0.00339262,-0.997612],[-0.313449,0.949426,-0.0184478],[0.947096,0.313973,0.0665642]]],1],[1412,[-0.962887,-0.10783,-0.247428],141,63.6803,[-33.4032,188.426,12.5231],[-33.445,187.958,12.043],[-6.4098,-7.99291,-3.91602],false,[114.728,188.801,40.6908],[48.7281,189.536,34.3779],[4.95366,193.696,21.5385],[-21.0682,190.782,14.8518],[-37.8367,185.944,11.0626],[[[0.0920246,-0.167445,-0.981577],[0.0268193,0.985819,-0.165654],[0.995395,-0.011081,0.0952104]],[[0.262876,-0.166836,-0.950296],[0.133058,0.981794,-0.135559],[0.955611,-0.0908096,0.280289]],[[0.262876,-0.166836,-0.950296],[-0.0611908,0.980071,-0.188991],[0.962887,0.10783,0.247428]],[[0.262876,-0.166836,-0.950296],[-0.222051,0.948035,-0.227865],[0.93893,0.270914,0.212169]]],2],[1413,[-0.958672,-0.0532986,-0.279478],141,61.2303,[-21.5971,191.169,-8.49898],[-21.4088,187.036,-9.1499],[2.79589,-9.85438,-0.218155],false,[115.044,187.708,29.0709],[57.3129,188.102,14.5481],[16.8604,189.74,1.74525],[-8.3784,188.337,-5.61253],[-25.3751,186.07,-10.224],[[[0.235217,-0.241086,-0.941568],[0.0650429,0.970481,-0.232241],[0.969764,-0.00661544,0.243955]],[[0.283949,-0.241112,-0.928029],[0.108505,0.96973,-0.218747],[0.95268,-0.0385821,0.301516]],[[0.283949,-0.241112,-0.928029],[0.0179228,0.969033,-0.246282],[0.958672,0.0532986,0.279478]],[[0.283949,-0.241112,-0.928029],[-0.0558718,0.962062,-0.267049],[0.95721,0.127679,0.259706]]],3],[1414,[-0.737214,-0.158766,-0.656741],141,48.0034,[19.5737,178.619,-47.2508],[19.762,173.88,-46.2926],[1.01172,-4.09213,5.01103],false,[117.486,180.093,18.1627],[66.5262,182.412,-2.68057],[42.4506,180.459,-26.0425],[28.7473,177.508,-38.2499],[16.501,173.584,-48.3977],[[[0.331874,-0.397247,-0.855602],[0.186255,0.916747,-0.35339],[0.924753,-0.0420793,0.378233]],[[0.659021,-0.38334,-0.647102],[0.228887,0.921776,-0.312953],[0.716451,0.0581295,0.695212]],[[0.659021,-0.38334,-0.647102],[0.149018,0.909859,-0.387234],[0.737214,0.158766,0.656741]],[[0.659021,-0.38334,-0.647102],[0.0824879,0.892014,-0.444417],[0.747587,0.239502,0.619477]]],4]],[[0,143.966,0],[169.338,169.338,106.356]]],[272500,10900245037,[[141,"right",[-0.979326,0.158123,-0.126162],[-0.159592,-0.987182,0.00155434],[71.818,181.646,34.5693],[2.5918,3.75663,1.56799],[70.5839,173.937,28.4025],0,0,0.940776,[[-0.102018,-0.0535192,-0.993342],[-0.139081,0.989512,-0.039029],[0.985012,0.134173,-0.108391]],60.557,[376.384,211.856,6.03803],[123.632,177.427,33.851]]],[[1410,[-0.888786,-0.315259,0.332675],141,49.5294,[32.0775,137.098,90.9595],[36.4227,137.988,95.3258],[8.5682,3.78513,3.92185],false,[121.811,167.367,61.1537],[121.811,167.367,61.1537],[79.3966,151.985,75.8126],[50.5972,141.769,86.5923],[32.3345,136.614,98.1941],[[[0.00166239,0.905103,-0.42519],[0.353533,0.397201,0.846904],[0.935421,-0.151727,-0.319323]],[[-0.404189,0.881355,-0.244633],[0.193015,0.343616,0.919061],[0.894078,0.324257,-0.309001]],[[-0.404189,0.881355,-0.244633],[0.216082,0.35189,0.910759],[0.888786,0.315259,-0.332675]],[[-0.404189,0.881355,-0.244633],[0.403034,0.4117,0.817354],[0.821094,0.23177,-0.52162]]],0],[1411,[-0.989593,-0.125697,-0.070037],141,55.8883,[-28.3797,189.322,52.7102],[-28.8857,186.137,50.4821],[-5.99121,-10.6557,-11.7299],false,[115.771,187.154,52.2381],[45.9191,187.945,55.1713],[5.37187,191.812,52.3369],[-17.3597,188.925,50.7281],[-32.791,183.994,49.6244],[[[-0.0418964,0.00520002,-0.999108],[0.0115188,0.999923,0.00472123],[0.999056,-0.0113108,-0.0419531]],[[0.0701032,0.00390237,-0.997532],[0.0942159,0.995496,0.0105156],[0.993081,-0.0947206,0.0694198]],[[0.0701032,0.00390237,-0.997532],[-0.12566,0.992061,-0.00494997],[0.989593,0.125697,0.070037]],[[0.0701032,0.00390237,-0.997532],[-0.303173,0.952773,-0.0175787],[0.950353,0.303657,0.0679756]]],1],[1412,[-0.962871,-0.105807,-0.248363],141,63.6803,[-33.431,188.36,12.4949],[-33.469,187.854,12.0274],[-5.68882,-8.45085,-3.79754],false,[114.745,188.838,40.7033],[48.7451,189.535,34.3914],[4.94274,193.441,21.5679],[-21.0787,190.582,14.8559],[-37.8782,185.89,11.0204],[[[0.0921191,-0.166915,-0.981659],[0.0262012,0.985915,-0.16518],[0.995403,-0.0105044,0.095195]],[[0.263376,-0.166207,-0.950267],[0.127569,0.982396,-0.136469],[0.956221,-0.0852821,0.279943]],[[0.263376,-0.166207,-0.950267],[-0.0592654,0.980398,-0.187903],[0.962871,0.105807,0.248363]],[[0.263376,-0.166207,-0.950267],[-0.213958,0.950449,-0.225539],[0.940667,0.262719,0.214764]]],2],[1413,[-0.958575,-0.0542231,-0.279631],141,61.2303,[-21.5926,191.026,-8.51902],[-21.3929,186.953,-9.14053],[2.55749,-9.95848,0.0683172],false,[115.062,187.751,29.0829],[57.3306,188.115,14.5609],[16.8737,189.674,1.76223],[-8.36263,188.246,-5.59958],[-25.3571,185.977,-10.2182],[[[0.235358,-0.240486,-0.941686],[0.0644337,0.970633,-0.231774],[0.969771,-0.00612641,0.243942]],[[0.284336,-0.240487,-0.928073],[0.106544,0.969959,-0.218698],[0.952786,-0.0366969,0.301417]],[[0.284336,-0.240487,-0.928073],[0.0169245,0.969137,-0.245942],[0.958575,0.0542231,0.279631]],[[0.284336,-0.240487,-0.928073],[-0.0560503,0.962203,-0.266503],[0.957085,0.127795,0.26011]]],3],[1414,[-0.737414,-0.159114,-0.656432],141,48.0034,[19.5722,178.594,-47.2433],[19.7618,173.903,-46.2638],[0.839878,-3.03175,4.61814],false,[117.509,180.142,18.171],[66.5473,182.439,-2.67064],[42.459,180.464,-26.0176],[28.7521,177.506,-38.2193],[16.5041,173.582,-48.3646],[[[0.332113,-0.396627,-0.855796],[0.185678,0.917033,-0.352951],[0.924783,-0.041683,0.378204]],[[0.658991,-0.382657,-0.647537],[0.227791,0.922018,-0.313039],[0.716827,0.058787,0.694768]],[[0.658991,-0.382657,-0.647537],[0.148156,0.910086,-0.387032],[0.737414,0.159114,0.656432]],[[0.658991,-0.382657,-0.647537],[0.0818477,0.892284,-0.443993],[0.747684,0.239588,0.619327]]],4]],[[0,143.966,0],[169.338,169.338,106.356]]],[272501,10900254085,[[141,"right",[-0.97947,0.157286,-0.126092],[-0.158745,-0.987318,0.00154648],[71.8526,181.694,34.5711],[2.93119,4.18309,1.19002],[70.5932,173.995,28.448],0,0,0.945317,[[-0.103167,-0.0529019,-0.993256],[-0.136342,0.989911,-0.0385623],[0.985275,0.131444,-0.109339]],60.557,[376.489,211.248,5.79313],[123.67,177.52,33.8492]]],[[1410,[-0.888585,-0.316147,0.332367],141,49.5294,[32.1111,137.103,90.9934],[36.5262,138.014,95.3488],[9.51108,3.98265,3.72828],false,[121.86,167.458,61.1518],[121.86,167.458,61.1518],[79.4468,152.017,75.7546],[50.6539,141.773,86.5244],[32.4584,136.666,98.2522],[[[0.000857469,0.905112,-0.425173],[0.35325,0.397488,0.846887],[0.935529,-0.150919,-0.31939]],[[-0.404944,0.881018,-0.244598],[0.191585,0.343331,0.919467],[0.894044,0.325471,-0.307819]],[[-0.404944,0.881018,-0.244598],[0.215492,0.351936,0.910881],[0.888585,0.316147,-0.332367]],[[-0.404944,0.881018,-0.244598],[0.408383,0.41362,0.813721],[0.818073,0.229622,-0.527286]]],0],[1411,[-0.989862,-0.123165,-0.0707315],141,55.8883,[-28.391,189.268,52.6737],[-28.8947,186.073,50.429],[-5.11853,-8.17385,-10.0815],false,[115.802,187.239,52.237],[45.9497,187.97,55.175],[5.38544,191.632,52.3111],[-17.3523,188.803,50.6864],[-32.8265,184.011,49.5692],[[[-0.041969,0.00518301,-0.999105],[0.0106619,0.999932,0.00473943],[0.999062,-0.0104535,-0.0420214]],[[0.0707818,0.0039731,-0.997484],[0.0891778,0.995963,0.0102951],[0.993497,-0.0896821,0.0701417]],[[0.0707818,0.0039731,-0.997484],[-0.123136,0.992378,-0.00478503],[0.989862,0.123165,0.0707315]],[[0.0707818,0.0039731,-0.997484],[-0.294615,0.955463,-0.0171002],[0.952991,0.295084,0.0687999]]],1],[1412,[-0.962817,-0.104278,-0.24922],141,63.6803,[-33.4577,188.294,12.4674],[-33.4876,187.723,12.0061],[-4.91372,-9.88744,-3.82598],false,[114.774,188.923,40.7023],[48.7729,189.563,34.395],[4.93855,193.162,21.5909],[-21.0814,190.344,14.8557],[-37.9113,185.8,10.9746],[[[0.0921953,-0.166817,-0.981668],[0.0253447,0.985941,-0.165163],[0.995418,-0.00965283,0.095127]],[[0.263918,-0.165954,-0.950161],[0.121043,0.982998,-0.138068],[0.95692,-0.0785719,0.279518]],[[0.263918,-0.165954,-0.950161],[-0.0577216,0.980605,-0.187304],[0.962817,0.104278,0.24922]],[[0.263918,-0.165954,-0.950161],[-0.205666,0.952751,-0.223532],[0.942363,0.25441,0.217317]]],2],[1413,[-0.958465,-0.0555083,-0.279758],141,61.2303,[-21.5876,190.891,-8.53771],[-21.3677,186.858,-9.13807],[2.67825,-10.4335,0.0352717],false,[115.091,187.836,29.0819],[57.3583,188.151,14.5638],[16.8958,189.606,1.77037],[-8.33754,188.145,-5.59479],[-25.3294,185.87,-10.2203],[[[0.2355,-0.240266,-0.941707],[0.0635857,0.970693,-0.23176],[0.969792,-0.00529965,0.243875]],[[0.28478,-0.240223,-0.928005],[0.104173,0.970113,-0.219155],[0.952916,-0.0342618,0.301293]],[[0.28478,-0.240223,-0.928005],[0.0156924,0.969129,-0.246053],[0.958465,0.0555083,0.279758]],[[0.28478,-0.240223,-0.928005],[-0.0563158,0.962226,-0.266363],[0.956937,0.128116,0.260494]]],3],[1414,[-0.737577,-0.159736,-0.656097],141,48.0034,[19.571,178.574,-47.2373],[19.7742,173.916,-46.2397],[1.07089,-2.38433,4.14815],false,[117.544,180.23,18.1696],[66.5787,182.484,-2.66848],[42.4778,180.473,-25.9994],[28.7678,177.503,-38.1949],[16.5191,173.574,-48.3377],[[[0.332395,-0.396326,-0.855827],[0.184868,0.917198,-0.352946],[0.924845,-0.0408974,0.37814]],[[0.659017,-0.38212,-0.647828],[0.226534,0.922173,-0.313495],[0.717202,0.0598437,0.694291]],[[0.659017,-0.38212,-0.647828],[0.147226,0.910203,-0.387112],[0.737577,0.159736,0.656097]],[[0.659017,-0.38212,-0.647828],[0.0812169,0.892445,-0.443787],[0.74773,0.239849,0.619171]]],4]],[[0,143.966,0],[169.338,169.338,106.356]]],[272502,10900263070,[[141,"right",[-0.979606,0.156548,-0.125954],[-0.157965,-0.987444,0.00127897],[71.8882,181.717,34.5682],[3.21483,3.72402,0.776443],[70.6026,174.05,28.4923],0,0,0.950091,[[-0.103576,-0.0520931,-0.993256],[-0.134336,0.99021,-0.0379249],[0.985508,0.129502,-0.10956]],60.557,[376.588,210.813,5.72746],[123.709,177.583,33.8402]]],[[1410,[-0.888352,-0.316997,0.332179],141,49.5294,[32.1466,137.109,91.0283],[36.6231,137.998,95.3491],[9.96519,2.71729,2.7701],false,[121.909,167.512,61.1401],[121.909,167.512,61.1401],[79.4983,152.015,75.6886],[50.7129,141.743,86.4522],[32.5711,136.668,98.2765],[[[0.000101404,0.905234,-0.424914],[0.353017,0.397524,0.846967],[0.935617,-0.150088,-0.319522]],[[-0.405649,0.880772,-0.244316],[0.190298,0.34282,0.919925],[0.894,0.326673,-0.306674]],[[-0.405649,0.880772,-0.244316],[0.215127,0.351787,0.911025],[0.888352,0.316997,-0.332179]],[[-0.405649,0.880772,-0.244316],[0.412484,0.414931,0.81098],[0.815663,0.228197,-0.531621]]],0],[1411,[-0.990112,-0.120738,-0.0714151],141,55.8883,[-28.4009,189.222,52.6414],[-28.8995,185.987,50.3769],[-4.29091,-7.19005,-8.89329],false,[115.835,187.292,52.2315],[45.9824,187.966,55.1764],[5.4028,191.432,52.2858],[-17.3407,188.659,50.6454],[-32.8544,184.001,49.5144],[[[-0.0420684,0.00543576,-0.9991],[0.00987197,0.999939,0.00502465],[0.999066,-0.00965171,-0.0421195]],[[0.0714182,0.004307,-0.997437],[0.0843684,0.996381,0.0103434],[0.993872,-0.0848909,0.0707963]],[[0.0714182,0.004307,-0.997437],[-0.120736,0.992675,-0.00435848],[0.990112,0.120738,0.0714151]],[[0.0714182,0.004307,-0.997437],[-0.286451,0.957955,-0.0163738],[0.955429,0.286886,0.0696492]]],1],[1412,[-0.962772,-0.102852,-0.249982],141,63.6803,[-33.4826,188.229,12.441],[-33.4977,187.599,11.9864],[-3.9769,-10.576,-3.7609],false,[114.804,188.978,40.6974],[48.8023,189.567,34.3965],[4.94292,192.914,21.6097],[-21.0758,190.134,14.854],[-37.9304,185.718,10.9333],[[[0.0922334,-0.166464,-0.981724],[0.0245496,0.986008,-0.164883],[0.995435,-0.00889317,0.0950294]],[[0.264373,-0.165465,-0.95012],[0.115607,0.983506,-0.139111],[0.957466,-0.073063,0.279141]],[[0.264373,-0.165465,-0.95012],[-0.0563586,0.980838,-0.186496],[0.962772,0.102852,0.249982]],[[0.264373,-0.165465,-0.95012],[-0.198619,0.954712,-0.22153],[0.943747,0.247278,0.219536]]],2],[1413,[-0.958392,-0.056378,-0.279834],141,61.2303,[-21.5822,190.762,-8.55496],[-21.3431,186.77,-9.13369],[2.71779,-10.4466,0.118714],false,[115.121,187.894,29.0766],[57.3869,188.168,14.5642],[16.9182,189.533,1.78063],[-8.31328,188.048,-5.58651],[-25.3037,185.776,-10.2188],[[[0.2356,-0.239811,-0.941798],[0.0627963,0.970809,-0.231488],[0.969819,-0.00460282,0.243781]],[[0.285074,-0.239731,-0.928042],[0.101992,0.970308,-0.219319],[0.953064,-0.0321306,0.30106]],[[0.285074,-0.239731,-0.928042],[0.0147635,0.969201,-0.245828],[0.958392,0.056378,0.279834]],[[0.285074,-0.239731,-0.928042],[-0.0561934,0.962372,-0.26586],[0.956857,0.12794,0.260876]]],3],[1414,[-0.737871,-0.160096,-0.65568],141,48.0034,[19.5702,178.558,-47.2325],[19.7785,173.93,-46.2149],[0.950368,-1.98089,3.90077],false,[117.579,180.293,18.162],[66.6101,182.513,-2.67061],[42.4911,180.469,-25.9799],[28.7756,177.494,-38.1676],[16.5242,173.567,-48.3079],[[[0.332626,-0.395819,-0.855972],[0.184109,0.917445,-0.352701],[0.924913,-0.0402745,0.37804]],[[0.658889,-0.38147,-0.64834],[0.225185,0.922379,-0.31386],[0.717744,0.0608029,0.693647]],[[0.658889,-0.38147,-0.64834],[0.146326,0.910412,-0.386961],[0.737871,0.160096,0.65568]],[[0.658889,-0.38147,-0.64834],[0.0807215,0.892758,-0.443246],[0.747896,0.239715,0.619022]]],4]],[[0,143.966,0],[169.338,169.338,106.356]]],[272503,10900272134,[[141,"right",[-0.979729,0.155942,-0.125752],[-0.157319,-0.987547,0.00102832],[71.9217,181.733,34.5569],[3.34608,3.19023,0.21696],[70.6122,174.106,28.5362],0,0,0.953703,[[-0.103289,-0.0512897,-0.993328],[-0.132682,0.990455,-0.0373447],[0.985762,0.12794,-0.109108]],60.557,[376.689,210.463,5.82245],[123.745,177.634,33.8193]]],[[1410,[-0.888182,-0.317794,0.331873],141,49.5294,[32.1849,137.115,91.0652],[36.7081,137.976,95.3309],[9.83584,1.45175,1.2972],false,[121.956,167.554,61.1167],[121.956,167.554,61.1167],[79.548,152.008,75.6214],[50.7681,141.711,86.3751],[32.6664,136.656,98.2693],[[[-0.000559,0.905352,-0.424661],[0.352893,0.397518,0.847022],[0.935663,-0.149386,-0.319715]],[[-0.406249,0.880579,-0.244012],[0.189275,0.342344,0.920313],[0.893944,0.327691,-0.305749]],[[-0.406249,0.880579,-0.244012],[0.214694,0.35155,0.911218],[0.888182,0.317794,-0.331873]],[[-0.406249,0.880579,-0.244012],[0.415448,0.415841,0.808999],[0.813858,0.227281,-0.53477]]],0],[1411,[-0.99059,-0.116562,-0.0717293],141,55.8883,[-28.4096,189.183,52.6141],[-28.9162,185.953,50.331],[-4.08913,-3.753,-7.36749],false,[115.867,187.332,52.2147],[46.0151,187.96,55.171],[5.4214,191.247,52.269],[-17.333,188.569,50.6213],[-32.8986,184.089,49.4819],[[[-0.0422332,0.00568751,-0.999092],[0.00921902,0.999943,0.00530266],[0.999065,-0.0089867,-0.0422832]],[[0.071679,0.00462841,-0.997417],[0.0799656,0.996744,0.010372],[0.994217,-0.0805025,0.0710755]],[[0.071679,0.00462841,-0.997417],[-0.116593,0.993173,-0.00377018],[0.99059,0.116562,0.0717293]],[[0.071679,0.00462841,-0.997417],[-0.275515,0.961174,-0.0153396],[0.958621,0.275903,0.0701713]]],1],[1412,[-0.962793,-0.101794,-0.250335],141,63.6803,[-33.5061,188.165,12.4157],[-33.4998,187.515,11.9786],[-2.99969,-9.79549,-3.12416],false,[114.834,189.02,40.6812],[48.8306,189.568,34.3911],[4.95277,192.747,21.6247],[-21.0666,189.996,14.8595],[-37.9383,185.668,10.9145],[[[0.0921838,-0.166129,-0.981786],[0.0238783,0.986069,-0.164612],[0.995456,-0.00826887,0.0948665]],[[0.264498,-0.165022,-0.950162],[0.111928,0.983845,-0.139715],[0.957869,-0.0693953,0.278696]],[[0.264498,-0.165022,-0.950162],[-0.0554102,0.981023,-0.185807],[0.962793,0.101794,0.250335]],[[0.264498,-0.165022,-0.950162],[-0.193805,0.956055,-0.219996],[0.944712,0.242335,0.220892]]],2],[1413,[-0.958319,-0.057058,-0.279945],141,61.2303,[-21.5765,190.638,-8.57136],[-21.3221,186.683,-9.13541],[2.63373,-10.3926,-0.07662],false,[115.149,187.94,29.0601],[57.4129,188.181,14.557],[16.9375,189.449,1.7849],[-8.2921,187.947,-5.58517],[-25.2817,185.686,-10.2261],[[[0.235604,-0.239393,-0.941903],[0.0621242,0.970914,-0.231227],[0.969861,-0.00403684,0.243624]],[[0.285355,-0.239282,-0.928071],[0.0996985,0.97049,-0.219565],[0.953222,-0.0298733,0.300791]],[[0.285355,-0.239282,-0.928071],[0.0140319,0.969272,-0.245591],[0.958319,0.057058,0.279945]],[[0.285355,-0.239282,-0.928071],[-0.0556212,0.962566,-0.265278],[0.956806,0.127319,0.261364]]],3],[1414,[-0.738277,-0.160392,-0.65515],141,48.0034,[19.5695,178.546,-47.2288],[19.7703,173.941,-46.1911],[0.469462,-1.85962,3.71307],false,[117.611,180.344,18.1429],[66.637,182.536,-2.68085],[42.4949,180.457,-25.963],[28.7718,177.475,-38.1409],[16.516,173.554,-48.278],[[[0.332747,-0.395362,-0.856136],[0.183452,0.917664,-0.352474],[0.925,-0.0397754,0.37788]],[[0.658623,-0.380922,-0.648933],[0.223766,0.922535,-0.314418],[0.718432,0.0618732,0.69284]],[[0.658623,-0.380922,-0.648933],[0.145478,0.910589,-0.386863],[0.738277,0.160392,0.65515]],[[0.658623,-0.380922,-0.648933],[0.0803858,0.893083,-0.442651],[0.748167,0.239375,0.618826]]],4]],[[0,143.966,0],[169.338,169.338,106.356]]],[272504,10900281151,[[141,"right",[-0.979856,0.155279,-0.12558],[-0.156607,-0.987661,0.000716414],[71.9466,181.742,34.5457],[3.18704,2.59578,-0.18272],[70.6217,174.161,28.5791],0,0,0.957849,[[-0.102231,-0.05042,-0.993482],[-0.131412,0.990646,-0.0367536],[0.986042,0.126798,-0.107901]],60.557,[376.789,210.217,6.11344],[123.773,177.681,33.8005]]],[[1410,[-0.887942,-0.318638,0.331706],141,49.5294,[32.2253,137.12,91.1033],[36.7892,137.942,95.3189],[9.70411,0.21431,0.587073],false,[121.995,167.59,61.0947],[121.995,167.59,61.0947],[79.5915,151.993,75.5587],[50.8195,141.668,86.307],[32.7606,136.633,98.2746],[[[-0.00126328,0.905494,-0.424357],[0.352711,0.397488,0.847112],[0.935732,-0.148605,-0.31988]],[[-0.406938,0.88036,-0.243653],[0.188305,0.341858,0.920692],[0.893836,0.328784,-0.304892]],[[-0.406938,0.88036,-0.243653],[0.214383,0.351334,0.911375],[0.887942,0.318638,-0.331706]],[[-0.406938,0.88036,-0.243653],[0.418535,0.41679,0.806916],[0.81193,0.226388,-0.53807]]],0],[1411,[-0.99071,-0.115488,-0.0718039],141,55.8883,[-28.4174,189.147,52.5893],[-28.9157,185.868,50.3111],[-3.12217,-4.60202,-5.68428],false,[115.89,187.367,52.2],[46.0381,187.944,55.1651],[5.43455,191.105,52.262],[-17.3227,188.452,50.6126],[-32.9084,184.044,49.4699],[[[-0.0423599,0.00599205,-0.999084],[0.00849937,0.999948,0.00563687],[0.999066,-0.00825281,-0.0424086]],[[0.0717054,0.0050131,-0.997413],[0.0768796,0.996985,0.0105379],[0.994459,-0.0774364,0.0711038]],[[0.0717054,0.0050131,-0.997413],[-0.115549,0.993296,-0.00331459],[0.99071,0.115488,0.0718039]],[[0.0717054,0.0050131,-0.997413],[-0.271143,0.962428,-0.0146556],[0.959864,0.271492,0.0703705]]],1],[1412,[-0.962805,-0.100753,-0.250709],141,63.6803,[-33.528,188.103,12.3918],[-33.5046,187.434,11.9679],[-2.41747,-9.05757,-2.77369],false,[114.855,189.058,40.6673],[48.8499,189.561,34.3854],[4.95678,192.593,21.6358],[-21.0629,189.87,14.8604],[-37.9498,185.623,10.8926],[[[0.0921829,-0.165733,-0.981853],[0.0231478,0.986141,-0.164284],[0.995473,-0.00758356,0.0947418]],[[0.264645,-0.16451,-0.95021],[0.108677,0.984152,-0.140119],[0.958203,-0.0661842,0.278329]],[[0.264645,-0.16451,-0.95021],[-0.0544921,0.981216,-0.185055],[0.962805,0.100753,0.250709]],[[0.264645,-0.16451,-0.95021],[-0.189426,0.957277,-0.218491],[0.945559,0.237817,0.222176]]],2],[1413,[-0.958247,-0.057585,-0.280083],141,61.2303,[-21.5709,190.521,-8.58686],[-21.3073,186.606,-9.1408],[2.39144,-9.88971,-0.341475],false,[115.169,187.982,29.0457],[57.4308,188.186,14.5498],[16.9506,189.379,1.78533],[-8.27705,187.863,-5.5884],[-25.2656,185.611,-10.2373],[[[0.235661,-0.238908,-0.942012],[0.0613964,0.971036,-0.230909],[0.969894,-0.00341985,0.243504]],[[0.285626,-0.238764,-0.928121],[0.0978436,0.970671,-0.219599],[0.953333,-0.0280876,0.300611]],[[0.285626,-0.238764,-0.928121],[0.0134278,0.969369,-0.245242],[0.958247,0.057585,0.280083]],[[0.285626,-0.238764,-0.928121],[-0.0551842,0.962762,-0.264658],[0.956751,0.126811,0.261814]]],3],[1414,[-0.738563,-0.160555,-0.654787],141,48.0034,[19.5689,178.537,-47.2258],[19.7623,173.948,-46.1751],[0.140855,-1.69568,3.27823],false,[117.635,180.392,18.1257],[66.6569,182.554,-2.69108],[42.4957,180.442,-25.9506],[28.7673,177.458,-38.1217],[16.5088,173.545,-48.2588],[[[0.332926,-0.394835,-0.856309],[0.182748,0.917914,-0.352189],[0.925075,-0.0392357,0.377753]],[[0.658466,-0.380284,-0.649466],[0.222407,0.922732,-0.314802],[0.718998,0.06284,0.692166]],[[0.658466,-0.380284,-0.649466],[0.14473,0.910827,-0.386584],[0.738563,0.160555,0.654787]],[[0.658466,-0.380284,-0.649466],[0.0801804,0.893486,-0.441875],[0.748327,0.238885,0.618822]]],4]],[[0,143.966,0],[169.338,169.338,106.356]]],[272505,10900290206,[[141,"right",[-0.979984,0.154611,-0.125405],[-0.155901,-0.987773,0.000483314],[71.9672,181.755,34.532],[2.93323,2.27703,-0.551788],[70.6312,174.214,28.621],0,0,0.961629,[[-0.100958,-0.0495385,-0.993657],[-0.129868,0.99087,-0.0362047],[0.986378,0.125389,-0.10647]],60.557,[376.898,209.905,6.45873],[123.796,177.731,33.7785]]],[[1410,[-0.887676,-0.319497,0.331592],141,49.5294,[32.268,137.126,91.1427],[36.8653,137.913,95.305],[9.44868,-0.647282,-0.0332275],false,[122.029,167.632,61.0704],[122.029,167.632,61.0704],[79.6324,151.983,75.4974],[50.869,141.63,86.242],[32.8491,136.61,98.2745],[[[-0.00196878,0.905602,-0.424123],[0.352543,0.397522,0.847165],[0.935793,-0.147854,-0.320047]],[[-0.40767,0.880111,-0.243331],[0.187382,0.341442,0.921035],[0.893696,0.329883,-0.304112]],[[-0.40767,0.880111,-0.243331],[0.214094,0.35118,0.911502],[0.887676,0.319497,-0.331592]],[[-0.40767,0.880111,-0.243331],[0.421206,0.417686,0.805062],[0.810179,0.225707,-0.540986]]],0],[1411,[-0.990941,-0.113507,-0.0717814],141,55.8883,[-28.4251,189.114,52.5657],[-28.9269,185.804,50.2889],[-2.82623,-4.04212,-4.34006],false,[115.909,187.406,52.1816],[46.057,187.933,55.1565],[5.44298,190.958,52.2555],[-17.3195,188.351,50.6066],[-32.9335,184.044,49.4622],[[[-0.0425018,0.00621927,-0.999077],[0.00778561,0.999952,0.00589351],[0.999066,-0.00752794,-0.0425482]],[[0.071641,0.00532077,-0.997416],[0.0735343,0.997236,0.0106015],[0.994716,-0.0741038,0.0710518]],[[0.071641,0.00532077,-0.997416],[-0.113596,0.993523,-0.00285918],[0.990941,0.113507,0.0717814]],[[0.071641,0.00532077,-0.997416],[-0.26494,0.964165,-0.0138864],[0.9616,0.265251,0.0704834]]],1],[1412,[-0.962843,-0.0999999,-0.250867],141,63.6803,[-33.549,188.044,12.3692],[-33.5113,187.362,11.9643],[-2.05072,-8.33505,-2.15375],false,[114.871,189.1,40.6495],[48.8648,189.558,34.3769],[4.95737,192.465,21.6476],[-21.0633,189.762,14.8679],[-37.9624,185.579,10.8841],[[[0.0921661,-0.165414,-0.981908],[0.0224205,0.9862,-0.164033],[0.995491,-0.00689661,0.0946029]],[[0.264636,-0.164076,-0.950288],[0.105902,0.984404,-0.140475],[0.958516,-0.0634627,0.277885]],[[0.264636,-0.164076,-0.950288],[-0.0538675,0.981366,-0.184443],[0.962843,0.0999999,0.250867]],[[0.264636,-0.164076,-0.950288],[-0.185979,0.958237,-0.21724],[0.946245,0.234223,0.22307]]],2],[1413,[-0.958213,-0.0580618,-0.280103],141,61.2303,[-21.5653,190.409,-8.60149],[-21.2987,186.535,-9.1428],[1.9867,-9.29727,-0.331048],false,[115.184,188.028,29.0276],[57.444,188.194,14.5397],[16.9579,189.314,1.78745],[-8.2689,187.785,-5.58678],[-25.2572,185.543,-10.2414],[[[0.235702,-0.238496,-0.942106],[0.0606707,0.971139,-0.230667],[0.96993,-0.00278952,0.243369]],[[0.285768,-0.238319,-0.928192],[0.0960537,0.970829,-0.219694],[0.953473,-0.0263749,0.300323]],[[0.285768,-0.238319,-0.928192],[0.0128613,0.96945,-0.244953],[0.958213,0.0580618,0.280103]],[[0.285768,-0.238319,-0.928192],[-0.0547352,0.962943,-0.264093],[0.956734,0.126274,0.262134]]],3],[1414,[-0.738774,-0.160731,-0.654507],141,48.0034,[19.5685,178.529,-47.2234],[19.7539,173.953,-46.1654],[-0.0892414,-1.56471,2.71361],false,[117.654,180.442,18.1053],[66.6717,182.573,-2.7039],[42.4944,180.428,-25.9438],[28.7622,177.441,-38.1097],[16.5022,173.535,-48.2479],[[[0.33309,-0.394376,-0.856457],[0.182044,0.918135,-0.351978],[0.925155,-0.038672,0.377616]],[[0.65838,-0.379688,-0.649903],[0.221116,0.922911,-0.315186],[0.719475,0.0638081,0.691581]],[[0.65838,-0.379688,-0.649903],[0.144049,0.911045,-0.386326],[0.738774,0.160731,0.654507]],[[0.65838,-0.379688,-0.649903],[0.0800366,0.893864,-0.441136],[0.748419,0.238419,0.618891]]],4]],[[0,143.966,0],[169.338,169.338,106.356]]],[272506,10900299228,[[141,"right",[-0.980119,0.153919,-0.125204],[-0.155174,-0.987887,0.000275752],[71.9858,181.768,34.5171],[2.6952,2.05525,-0.854181],[70.6404,174.265,28.6611],0,0,0.964993,[[-0.0996539,-0.0486365,-0.993833],[-0.128169,0.991111,-0.0356515],[0.986733,0.123826,-0.105002]],60.557,[377.011,209.556,6.81078],[123.818,177.782,33.754]]],[[1410,[-0.887358,-0.320369,0.3316],141,49.5294,[32.3121,137.132,91.1826],[36.9413,137.881,95.2907],[9.26989,-1.40537,-0.518018],false,[122.063,167.676,61.0437],[122.063,167.676,61.0437],[79.6745,151.973,75.4375],[50.9213,141.592,86.1824],[32.9365,136.581,98.2713],[[[-0.00270679,0.905701,-0.423909],[0.352393,0.397581,0.8472],[0.935848,-0.147089,-0.320239]],[[-0.40846,0.879837,-0.242998],[0.186517,0.341054,0.921354],[0.893516,0.331014,-0.303411]],[[-0.40846,0.879837,-0.242998],[0.213905,0.351071,0.911589],[0.887358,0.320369,-0.3316]],[[-0.40846,0.879837,-0.242998],[0.423469,0.418495,0.803453],[0.8086,0.225277,-0.543522]]],0],[1411,[-0.991093,-0.112153,-0.0718101],141,55.8883,[-28.4328,189.079,52.5419],[-28.9335,185.732,50.2681],[-2.40689,-4.26666,-3.50111],false,[115.927,187.448,52.1607],[46.0746,187.922,55.1474],[5.45141,190.822,52.2462],[-17.3146,188.246,50.5967],[-32.9502,184.019,49.45],[[[-0.0426745,0.00642431,-0.999068],[0.00705053,0.999956,0.00612886],[0.999064,-0.00678242,-0.042718]],[[0.0716336,0.00560821,-0.997415],[0.0704406,0.997459,0.0106674],[0.994941,-0.0710227,0.0710565]],[[0.0716336,0.00560821,-0.997415],[-0.112266,0.993675,-0.00247566],[0.991093,0.112153,0.0718101]],[[0.0716336,0.00560821,-0.997415],[-0.260051,0.965504,-0.0132479],[0.962934,0.260328,0.0706209]]],1],[1412,[-0.962894,-0.0992844,-0.250952],141,63.6803,[-33.5692,187.985,12.348],[-33.5236,187.278,11.9652],[-1.94642,-8.25975,-1.499],false,[114.885,189.144,40.6291],[48.8777,189.554,34.3677],[4.95378,192.32,21.6639],[-21.0683,189.637,14.882],[-37.9805,185.522,10.8826],[[[0.0921225,-0.165114,-0.981963],[0.0216669,0.986255,-0.163803],[0.995512,-0.00618616,0.0944338]],[[0.264565,-0.163657,-0.95038],[0.102775,0.984668,-0.140951],[0.958876,-0.0603846,0.277328]],[[0.264565,-0.163657,-0.95038],[-0.0532879,0.981509,-0.183852],[0.962895,0.0992844,0.250952]],[[0.264565,-0.163657,-0.95038],[-0.182313,0.959236,-0.215934],[0.946978,0.230396,0.223943]]],2],[1413,[-0.958186,-0.0585872,-0.280084],141,61.2303,[-21.56,190.303,-8.61518],[-21.2929,186.466,-9.14367],[1.62694,-8.81047,-0.299193],false,[115.198,188.074,29.0069],[57.4545,188.201,14.5288],[16.963,189.255,1.78817],[-8.26307,187.713,-5.58557],[-25.251,185.476,-10.2442],[[[0.235719,-0.2381,-0.942202],[0.059917,0.971238,-0.230448],[0.969972,-0.00213308,0.243206]],[[0.285884,-0.237888,-0.928267],[0.0944253,0.970975,-0.219752],[0.953601,-0.0248283,0.300049]],[[0.285884,-0.237888,-0.928267],[0.0122441,0.969524,-0.24469],[0.958186,0.0585872,0.280084]],[[0.285884,-0.237888,-0.928267],[-0.0545125,0.96309,-0.263601],[0.956713,0.125961,0.262364]]],3],[1414,[-0.73899,-0.160919,-0.654216],141,48.0034,[19.5681,178.523,-47.2213],[19.7417,173.954,-46.1553],[-0.