{"metadata":{"formatVersion":2,"generatedBy":"LeapJS Playback 0.2.1","frames":585,"protocolVersion":6,"serviceVersion":"2.3.1+31549","frameRate":"1.1e+2","modified":"Mon Oct 19 2015 00:32:23 GMT+0200 (CEST)"},"frames":[["id","timestamp",{"hands":[["id","type","direction","palmNormal","palmPosition","palmVelocity","stabilizedPalmPosition","pinchStrength","grabStrength","confidence","armBasis","armWidth","elbow","wrist"]]},{"pointables":[["id","direction","handId","length","stabilizedTipPosition","tipPosition","tipVelocity","tool","carpPosition","mcpPosition","pipPosition","dipPosition","btipPosition","bases","type"]]},{"interactionBox":["center","size"]}],[266831,10830134072,[[137,"right",[-0.578456,0.25635,-0.774386],[-0.168975,-0.966401,-0.193691],[29.96,76.1009,22.9229],[-5.20194,-4.89461,3.30115],[32.2746,73.7261,23.0937],0,0,1,[[0.723449,-0.0122252,-0.69027],[0.0487494,0.998252,0.0334128],[0.688655,-0.0578227,0.72278]],62.0939,[248.23,51.3261,250.184],[67.0387,66.5398,60.0137]]],[[1370,[-0.73285,0.104533,-0.672312],137,50.7864,[-35.783,70.6956,30.2235],[-38.5545,75.3012,30.0332],[-3.4357,-14.7132,-0.510011],false,[45.0199,56.0368,77.2907],[45.0199,56.0368,77.2907],[1.4276,67.7594,59.166],[-22.9217,71.2326,36.8281],[-43.293,76.6516,28.1233],[[[0.359381,0.906828,-0.220244],[-0.340922,0.347282,0.873594],[0.868687,-0.238867,0.433965]],[[0.340617,0.911755,-0.229526],[-0.284408,0.332605,0.899158],[0.896154,-0.24099,0.372602]],[[0.340617,0.911755,-0.229526],[-0.588991,0.397209,0.703786],[0.73285,-0.104533,0.672312]],[[0.340617,0.911755,-0.229526],[-0.293465,0.335027,0.895341],[0.893229,-0.237611,0.381685]]],0],[1371,[-0.531078,-0.262429,-0.805659],137,57.3068,[-43.2986,62.1696,-41.8321],[-45.2891,66.2898,-43.9267],[-20.3527,11.1796,15.3712],false,[48.4798,76.9761,68.1725],[-3.24662,84.8394,19.1592],[-25.9013,77.2266,-15.2149],[-38.41,71.0455,-34.191],[-47.0934,65.7224,-47.362],[[[0.689567,0.0244986,-0.723808],[0.0626394,0.993665,0.0933085],[0.721508,-0.109681,0.683664]],[[0.835069,-0.000981196,-0.550145],[-0.0992316,0.983328,-0.152378],[0.541122,0.181838,0.821049]],[[0.835069,-0.000981196,-0.550145],[-0.143583,0.964951,-0.219667],[0.531078,0.262429,0.805659]],[[0.835069,-0.000981196,-0.550145],[-0.175111,0.947515,-0.267492],[0.521533,0.319711,0.791068]]],1],[1372,[-0.500496,-0.213427,-0.839019],137,65.2965,[-27.333,66.5275,-68.6174],[-29.7685,69.0149,-68.4361],[-21.246,8.60622,11.192],false,[56.3547,78.9782,59.3432],[14.1735,86.4976,6.55584],[-9.15552,79.1725,-33.548],[-23.0246,73.2583,-56.7978],[-32.2208,68.5811,-71.9272],[[[0.759856,-0.160302,-0.630018],[0.194142,0.980852,-0.015416],[0.620426,-0.110599,0.776428]],[[0.864329,-0.178469,-0.470196],[0.0790511,0.971508,-0.223434],[0.496675,0.155951,0.853811]],[[0.864329,-0.178469,-0.470196],[0.049386,0.96052,-0.273794],[0.500496,0.213427,0.839019]],[[0.864329,-0.178469,-0.470196],[0.0273533,0.950217,-0.310385],[0.502182,0.255413,0.826182]]],2],[1373,[-0.503207,-0.143657,-0.852142],137,62.7843,[-5.40272,71.1594,-73.8721],[-7.2949,72.8742,-73.6968],[-14.4235,13.17,2.76679],false,[65.0811,78.0176,51.2037],[34.8053,84.4855,-1.40428],[13.1936,80.0081,-38.9352],[-0.390491,76.1301,-61.9388],[-9.63467,72.9621,-77.3014],[[[0.826063,-0.248312,-0.505927],[0.267613,0.962867,-0.0356299],[0.495988,-0.10596,0.86184]],[[0.851047,-0.25355,-0.459816],[0.171274,0.96184,-0.213373],[0.49637,0.102836,0.861998]],[[0.851047,-0.25355,-0.459816],[0.150005,0.956596,-0.249847],[0.503207,0.143657,0.852142]],[[0.851047,-0.25355,-0.459816],[0.133931,0.951545,-0.276812],[0.507721,0.173997,0.843768]]],3],[1374,[-0.379184,-0.220771,-0.898598],137,49.2217,[32.2058,63.988,-67.8472],[29.7996,64.8685,-67.8178],[-18.6882,-14.8613,3.94508],false,[74.4104,70.1766,44.5831],[53.716,78.026,-7.40718],[41.6141,72.8941,-39.2581],[34.3869,68.6863,-56.3851],[27.6993,64.1065,-71.0969],[[[0.822267,-0.414564,-0.389889],[0.435599,0.899355,-0.0376037],[0.366238,-0.138915,0.920094]],[[0.864891,-0.429752,-0.259378],[0.358619,0.890579,-0.279752],[0.35122,0.148937,0.924371]],[[0.864891,-0.429752,-0.259378],[0.328912,0.875542,-0.353898],[0.379184,0.220771,0.898598]],[[0.864891,-0.429752,-0.259378],[0.305684,0.860798,-0.406921],[0.398147,0.272655,0.875864]]],4]],[[0,165.726,0],[194.933,194.933,122.431]]],[266832,10830143105,[[137,"right",[-0.578545,0.256595,-0.774238],[-0.171926,-0.966265,-0.191765],[29.9833,76.0052,22.9155],[-3.05911,-6.46377,2.1653],[32.1948,73.8054,23.0875],0,0,1,[[0.723403,-0.0157213,-0.690247],[0.0509329,0.998232,0.0306435],[0.688544,-0.0573239,0.722925]],62.0939,[248.237,51.3233,250.193],[67.0739,66.4057,59.9844]]],[[1370,[-0.733121,0.101348,-0.672504],137,50.7864,[-35.8684,70.829,30.2185],[-38.5426,75.162,30.024],[-2.38511,-19.864,-2.38323],false,[45.0436,55.9965,77.3036],[45.0436,55.9965,77.3036],[1.44828,67.599,59.1091],[-22.91,70.9664,36.7648],[-43.292,76.3392,28.0564],[[[0.361724,0.905403,-0.222262],[-0.339009,0.349827,0.873324],[0.868464,-0.240553,0.43348]],[[0.339778,0.911164,-0.233089],[-0.285212,0.335988,0.897645],[0.896217,-0.23852,0.374036]],[[0.339778,0.911164,-0.233089],[-0.589139,0.399384,0.70243],[0.733121,-0.101348,0.672504]],[[0.339778,0.911164,-0.233089],[-0.293008,0.338052,0.894353],[0.893699,-0.235584,0.381841]]],0],[1371,[-0.533318,-0.26181,-0.80438],137,57.3068,[-43.362,62.3278,-41.9109],[-45.3869,66.3221,-43.8362],[-18.4594,8.585,14.5536],false,[48.5534,76.9095,68.1439],[-3.20233,84.8313,19.1709],[-25.9384,77.2134,-15.1482],[-38.4999,71.0468,-34.0942],[-47.2246,65.7426,-47.2454],[[[0.688867,0.0212306,-0.724577],[0.0655619,0.99365,0.0914453],[0.721917,-0.110498,0.6831]],[[0.834083,-0.00426781,-0.551623],[-0.0968754,0.983296,-0.154088],[0.543066,0.181961,0.819737]],[[0.834083,-0.00426781,-0.551623],[-0.140987,0.96511,-0.220647],[0.533318,0.26181,0.80438]],[[0.834083,-0.00426781,-0.551623],[-0.172362,0.947888,-0.267954],[0.52402,0.318575,0.789881]]],1],[1372,[-0.501746,-0.213202,-0.838329],137,65.2965,[-27.5203,66.7288,-68.6028],[-29.8573,68.9493,-68.3781],[-17.55,3.95356,9.66493],false,[56.4246,78.8732,59.3027],[14.2091,86.4172,6.54628],[-9.17243,79.0843,-33.5255],[-23.0762,73.1763,-56.7562],[-32.2972,68.5084,-71.8733],[[[0.75873,-0.1636,-0.630527],[0.196913,0.980267,-0.0173943],[0.620931,-0.110961,0.775972]],[[0.863446,-0.181796,-0.470544],[0.081635,0.970864,-0.225296],[0.497793,0.156118,0.853129]],[[0.863446,-0.181796,-0.470544],[0.0520835,0.959945,-0.275304],[0.501746,0.213202,0.838329]],[[0.863446,-0.181796,-0.470544],[0.0301293,0.949722,-0.31164],[0.503541,0.254907,0.825511]]],2],[1373,[-0.504341,-0.143731,-0.851458],137,62.7843,[-5.58705,71.3602,-73.861],[-7.3779,72.7273,-73.6658],[-12.6145,4.64041,2.84356],false,[65.1396,77.8731,51.1557],[34.8266,84.3321,-1.43192],[13.1703,79.8501,-38.9365],[-0.444409,75.97,-61.9217],[-9.71072,72.8011,-77.2708],[[[0.824817,-0.251573,-0.506347],[0.270311,0.962036,-0.037653],[0.496597,-0.105814,0.861507]],[[0.849924,-0.256817,-0.46008],[0.173859,0.960962,-0.215233],[0.497395,0.102943,0.861395]],[[0.849924,-0.256817,-0.46008],[0.152541,0.955713,-0.251684],[0.504341,0.143731,0.851458]],[[0.849924,-0.256817,-0.46008],[0.136427,0.950659,-0.278631],[0.508937,0.174048,0.843025]]],3],[1374,[-0.380401,-0.221438,-0.89792],137,49.2217,[32.0217,64.0424,-67.8388],[29.6952,64.6082,-67.8061],[-16.0332,-19.0189,3.05822],false,[74.4396,69.9936,44.5395],[53.7125,77.808,-7.44306],[41.5723,72.6417,-39.2738],[34.322,68.4212,-56.3879],[27.6125,63.8343,-71.0876],[[[0.820672,-0.417604,-0.390005],[0.438114,0.898043,-0.039689],[0.366816,-0.138295,0.919957]],[[0.863496,-0.432711,-0.259106],[0.360883,0.888977,-0.281927],[0.352332,0.149936,0.923787]],[[0.863496,-0.432711,-0.259106],[0.331164,0.873914,-0.355815],[0.380401,0.221438,0.89792]],[[0.863496,-0.432711,-0.259106],[0.307927,0.859179,-0.408646],[0.399444,0.273078,0.875142]]],4]],[[0,165.726,0],[194.933,194.933,122.431]]],[266833,10830152145,[[137,"right",[-0.577353,0.262284,-0.773221],[-0.179974,-0.964589,-0.192813],[29.9613,75.3615,22.7862],[-2.88767,-24.3067,-2.37095],[32.1175,73.8593,23.0771],0,0,1,[[0.723351,-0.0219366,-0.690132],[0.0528194,0.998324,0.023629],[0.688457,-0.0535444,0.723298]],62.0939,[248.156,51.3255,250.105],[67.0163,65.4135,59.7989]]],[[1370,[-0.732948,0.10758,-0.671724],137,50.7864,[-35.9543,70.9575,30.2117],[-38.5653,75.031,29.9699],[-2.41275,-18.8958,-3.53677],false,[44.9226,55.1606,77.1306],[44.9226,55.1606,77.1306],[1.40254,67.1088,58.9798],[-22.95,70.6832,36.6614],[-43.3093,76.2318,28.0102],[[[0.368787,0.902733,-0.221516],[-0.33514,0.351422,0.874176],[0.866993,-0.248146,0.432142]],[[0.346474,0.908789,-0.232505],[-0.281994,0.337298,0.89817],[0.894671,-0.245627,0.373138]],[[0.346474,0.908789,-0.232505],[-0.585442,0.403149,0.703369],[0.732948,-0.10758,0.671724]],[[0.346474,0.908789,-0.232505],[-0.288169,0.338987,0.89557],[0.892701,-0.243291,0.379335]]],0],[1371,[-0.536972,-0.256193,-0.803758],137,57.3068,[-43.4287,62.4787,-41.986],[-45.5855,66.398,-43.8838],[-20.0143,7.84918,9.84015],false,[48.5911,76.0563,67.9938],[-3.15612,84.4611,19.0924],[-26.0168,77.0586,-15.191],[-38.6645,71.0243,-34.1224],[-47.4584,65.8188,-47.2669],[[[0.688168,0.016595,-0.725362],[0.0737177,0.992966,0.092655],[0.721797,-0.117234,0.682103]],[[0.832967,-0.0102168,-0.553229],[-0.0894526,0.984191,-0.15286],[0.546045,0.176815,0.818884]],[[0.832967,-0.0102168,-0.553229],[-0.133522,0.966572,-0.218886],[0.536972,0.256193,0.803758]],[[0.832967,-0.0102168,-0.553229],[-0.164901,0.949813,-0.265824],[0.52818,0.312651,0.789478]]],1],[1372,[-0.50415,-0.208612,-0.838042],137,65.2965,[-27.7008,66.9063,-68.5941],[-30.0367,68.8988,-68.448],[-17.4064,0.121886,4.87413],false,[56.4675,77.9678,59.1459],[14.2528,85.9223,6.44922],[-9.22144,78.8018,-33.6067],[-23.1918,73.021,-56.8294],[-32.4626,68.438,-71.9421],[[[0.75664,-0.168918,-0.631635],[0.204828,0.978661,-0.016357],[0.620919,-0.117,0.775094]],[[0.861573,-0.188202,-0.471457],[0.0890256,0.97036,-0.224669],[0.499766,0.151597,0.852791]],[[0.861573,-0.188202,-0.471457],[0.05937,0.959719,-0.274616],[0.50415,0.208612,0.838042]],[[0.861573,-0.188202,-0.471457],[0.0373264,0.949708,-0.310904],[0.506259,0.250269,0.825268]]],2],[1373,[-0.506245,-0.138631,-0.851174],137,62.7843,[-5.76047,71.519,-73.8592],[-7.53032,72.5247,-73.763],[-13.2147,-3.42837,-0.94383],false,[65.1646,76.9077,50.9874],[34.8434,83.6807,-1.55603],[13.1179,79.4175,-39.0462],[-0.548161,75.6752,-62.0237],[-9.85339,72.6,-77.3683],[[[0.822159,-0.257586,-0.507646],[0.278053,0.959863,-0.036726],[0.496731,-0.110958,0.860782]],[[0.847411,-0.263122,-0.461152],[0.181411,0.959781,-0.214268],[0.498983,0.0979153,0.861062]],[[0.847411,-0.263122,-0.461152],[0.160033,0.95475,-0.250682],[0.506245,0.138631,0.851174]],[[0.847411,-0.263122,-0.461152],[0.143864,0.949863,-0.277604],[0.511075,0.168902,0.842778]]],3],[1374,[-0.382786,-0.21727,-0.897925],137,49.2217,[31.8418,64.0612,-67.84],[29.4784,64.0869,-67.9531],[-17.396,-29.8788,-2.43739],false,[74.3927,68.9618,44.35],[53.6688,77.0117,-7.59792],[41.4637,71.9772,-39.425],[34.1679,67.8361,-56.5392],[27.4123,63.3232,-71.2406],[[[0.816804,-0.423729,-0.391515],[0.445329,0.894515,-0.0390431],[0.36676,-0.142462,0.919343]],[[0.859782,-0.439394,-0.260206],[0.367841,0.886332,-0.281262],[0.354214,0.146109,0.92368]],[[0.859782,-0.439394,-0.260206],[0.338008,0.871623,-0.354998],[0.382786,0.21727,0.897925]],[[0.859782,-0.439394,-0.260206],[0.314665,0.857172,-0.407727],[0.402194,0.268678,0.875244]]],4]],[[0,165.726,0],[194.933,194.933,122.431]]],[266834,10830161203,[[137,"right",[-0.575999,0.263709,-0.773746],[-0.183929,-0.964074,-0.191655],[29.9292,75.0918,22.7738],[-3.0674,-25.8156,-2.096],[32.0422,73.9017,23.0666],0,0,1,[[0.722933,-0.0261706,-0.690423],[0.0549043,0.998298,0.0196489],[0.688734,-0.052112,0.723139]],62.0939,[248.143,51.3252,250.076],[66.9302,65.0364,59.8114]]],[[1370,[-0.732177,0.108935,-0.672347],137,50.7864,[-36.0387,71.0801,30.203],[-38.6039,75.0007,29.9156],[-2.89163,-15.494,-4.64179],false,[44.7883,54.8975,77.1487],[44.7883,54.8975,77.1487],[1.32352,66.9588,58.9401],[-23.0034,70.5782,36.6011],[-43.3421,76.1858,27.9395],[[[0.37262,0.900907,-0.222533],[-0.333962,0.353921,0.873618],[0.865808,-0.25121,0.432747]],[[0.34971,0.907205,-0.233842],[-0.281608,0.339851,0.897329],[0.893532,-0.247953,0.374325]],[[0.34971,0.907205,-0.233842],[-0.584483,0.40634,0.70233],[0.732177,-0.108935,0.672347]],[[0.34971,0.907205,-0.233842],[-0.287047,0.341355,0.895031],[0.8918,-0.245877,0.379786]]],0],[1371,[-0.538236,-0.254889,-0.803327],137,57.3068,[-43.4949,62.621,-42.0577],[-45.6493,66.3729,-43.9061],[-16.9254,4.21962,7.04498],false,[48.5468,75.7662,67.9867],[-3.14874,84.3247,19.0573],[-26.0472,76.9594,-15.209],[-38.7246,70.9559,-34.1302],[-47.5443,65.7769,-47.2679],[[[0.688471,0.0128096,-0.725151],[0.0778248,0.992766,0.0914251],[0.721076,-0.119378,0.682494]],[[0.832776,-0.0143172,-0.553425],[-0.0856425,0.9843,-0.154336],[0.546946,0.175924,0.818475]],[[0.832776,-0.0143172,-0.553425],[-0.12956,0.966864,-0.219971],[0.538236,0.254889,0.803327]],[[0.832776,-0.0143172,-0.553425],[-0.160849,0.950284,-0.266624],[0.529728,0.311056,0.789071]]],1],[1372,[-0.504446,-0.207719,-0.838085],137,65.2965,[-27.8677,67.0603,-68.5882],[-30.0577,68.766,-68.4793],[-12.6282,-4.69293,2.43807],false,[56.4341,77.6336,59.1391],[14.2703,85.6974,6.41815],[-9.20753,78.6045,-33.6405],[-23.1861,72.8484,-56.8645],[-32.4655,68.2858,-71.9781],[[[0.756139,-0.172868,-0.631166],[0.208911,0.977778,-0.0175246],[0.62017,-0.118606,0.77545]],[[0.861105,-0.192417,-0.470611],[0.0930371,0.969625,-0.226212],[0.499843,0.151008,0.85285]],[[0.861105,-0.192417,-0.470611],[0.0635072,0.959077,-0.275932],[0.504446,0.207719,0.838085]],[[0.861105,-0.192417,-0.470611],[0.0415505,0.949156,-0.312051],[0.506727,0.249155,0.825318]]],2],[1373,[-0.506166,-0.137723,-0.851368],137,62.7843,[-5.91125,71.6396,-73.8607],[-7.52745,72.3049,-73.797],[-8.85485,-9.93124,-1.89159],false,[65.1293,76.527,50.9848],[34.854,83.3598,-1.57734],[13.14,79.1358,-39.0785],[-0.524008,75.418,-62.0612],[-9.83029,72.3594,-77.4086],[[[0.821246,-0.261652,-0.507044],[0.282063,0.958649,-0.0378452],[0.49598,-0.111938,0.861089]],[[0.846664,-0.267278,-0.460133],[0.185571,0.958723,-0.215437],[0.498722,0.0970158,0.861316]],[[0.846664,-0.267278,-0.460133],[0.164182,0.953727,-0.251892],[0.506166,0.137723,0.851368]],[[0.846664,-0.267278,-0.460133],[0.147999,0.948864,-0.278845],[0.511132,0.167989,0.842926]]],3],[1374,[-0.383066,-0.217113,-0.897843],137,49.2217,[31.6745,64.0553,-67.8412],[29.4292,63.6979,-67.9514],[-13.4185,-33.8991,-1.85319],false,[74.3265,68.5343,44.3605],[53.6535,76.6048,-7.60446],[41.4482,71.5674,-39.431],[34.1471,67.4292,-56.5436],[27.3833,62.9219,-71.243],[[[0.815161,-0.427624,-0.390705],[0.449066,0.892602,-0.0400235],[0.365859,-0.142827,0.919646]],[[0.858143,-0.44334,-0.258921],[0.371644,0.884351,-0.282495],[0.354219,0.146195,0.923665]],[[0.858143,-0.44334,-0.258921],[0.341834,0.869662,-0.356142],[0.383066,0.217113,0.897843]],[[0.858143,-0.44334,-0.258921],[0.318498,0.855244,-0.408799],[0.402678,0.268342,0.875125]]],4]],[[0,165.726,0],[194.933,194.933,122.431]]],[266835,10830170271,[[137,"right",[-0.575192,0.263889,-0.774285],[-0.185755,-0.963946,-0.190537],[29.9205,74.9781,22.7864],[-2.48493,-22.1492,-1.1337],[31.9699,73.9384,23.0571],0,0,1,[[0.722644,-0.0285234,-0.690632],[0.0562441,0.998262,0.0176225],[0.688928,-0.0515787,0.722992]],62.0939,[248.152,51.3245,250.076],[66.8879,64.8954,59.8501]]],[[1370,[-0.731408,0.107901,-0.67335],137,50.7864,[-36.1193,71.1928,30.1925],[-38.6187,74.9284,29.8674],[-2.49926,-15.0355,-5.52414],false,[44.7197,54.8215,77.1916],[44.7197,54.8215,77.1916],[1.28134,66.8663,58.9092],[-23.02,70.4514,36.5368],[-43.3545,76.0608,27.8665],[[[0.374475,0.899897,-0.223502],[-0.333589,0.355653,0.873058],[0.865152,-0.25238,0.433379]],[[0.350437,0.906525,-0.235387],[-0.282426,0.341907,0.89629],[0.892989,-0.247614,0.375843]],[[0.350437,0.906525,-0.235387],[-0.58501,0.40813,0.700851],[0.731408,-0.107901,0.67335]],[[0.350437,0.906525,-0.235387],[-0.28674,0.3431,0.894462],[0.891613,-0.245958,0.380172]]],0],[1371,[-0.538735,-0.254847,-0.803005],137,57.3068,[-43.558,62.7534,-42.1249],[-45.6605,66.3317,-43.9087],[-12.9285,1.11629,5.4786],false,[48.5226,75.6715,68.0054],[-3.13782,84.2714,19.0462],[-26.0493,76.8905,-15.208],[-38.7385,70.888,-34.1217],[-47.5691,65.7147,-47.2543],[[[0.688763,0.0105618,-0.724909],[0.0797447,0.992723,0.0902322],[0.720587,-0.119956,0.682909]],[[0.832739,-0.0165911,-0.553417],[-0.0839909,0.984197,-0.155889],[0.547258,0.176296,0.818186]],[[0.832739,-0.0165911,-0.553417],[-0.127714,0.966839,-0.221159],[0.538735,0.254847,0.803005]],[[0.832739,-0.0165911,-0.553417],[-0.15887,0.950357,-0.267547],[0.530383,0.310718,0.788764]]],1],[1372,[-0.504222,-0.208103,-0.838125],137,65.2965,[-28.0193,67.1941,-68.5836],[-30.0358,68.6557,-68.4879],[-7.85124,-7.63414,1.3746],false,[56.4169,77.5125,59.1584],[14.2885,85.5942,6.41184],[-9.17347,78.4808,-33.6525],[-23.1458,72.7141,-56.8775],[-32.4227,68.1453,-71.9908],[[[0.756031,-0.175133,-0.630671],[0.210841,0.977342,-0.0186501],[0.619648,-0.118871,0.775826]],[[0.86109,-0.194725,-0.469688],[0.0949628,0.969096,-0.227674],[0.499507,0.151445,0.85297]],[[0.86109,-0.194725,-0.469688],[0.0654604,0.958528,-0.27738],[0.504222,0.208103,0.838125]],[[0.86109,-0.194725,-0.469688],[0.043522,0.948596,-0.313482],[0.506587,0.249495,0.825301]]],2],[1373,[-0.505459,-0.137656,-0.851799],137,62.7843,[-6.03774,71.7341,-73.8645],[-7.47739,72.1765,-73.8183],[-4.01613,-11.8751,-2.35588],false,[65.1129,76.3787,51.0087],[34.8706,83.2063,-1.57308],[13.1902,78.9774,-39.0932],[-0.454652,75.2614,-62.0876],[-9.74908,72.2064,-77.4428],[[[0.820917,-0.263891,-0.506415],[0.283963,0.958045,-0.0389199],[0.495439,-0.111853,0.861411]],[[0.84664,-0.269582,-0.458831],[0.187747,0.958066,-0.216471],[0.497948,0.097129,0.86175]],[[0.84664,-0.269582,-0.458831],[0.166469,0.953088,-0.252808],[0.505459,0.137656,0.851799]],[[0.84664,-0.269582,-0.458831],[0.150367,0.948246,-0.279676],[0.510481,0.167792,0.843359]]],3],[1374,[-0.382939,-0.218021,-0.897677],137,49.2217,[31.5218,64.0353,-67.8409],[29.4272,63.4589,-67.9214],[-9.15513,-32.4298,-0.505415],false,[74.2968,68.3597,44.3977],[53.6589,76.4069,-7.58488],[41.4639,71.3366,-39.4102],[34.1652,67.1812,-56.5196],[27.4016,62.6594,-71.2146],[[[0.814462,-0.429708,-0.389874],[0.450837,0.891666,-0.0409546],[0.365236,-0.142414,0.919957]],[[0.857477,-0.445383,-0.257618],[0.373459,0.883166,-0.283806],[0.353922,0.147148,0.923627]],[[0.857477,-0.445383,-0.257618],[0.343644,0.86839,-0.357502],[0.382939,0.218021,0.897677]],[[0.857477,-0.445383,-0.257618],[0.320296,0.85391,-0.41018],[0.40267,0.269206,0.874863]]],4]],[[0,165.726,0],[194.933,194.933,122.431]]],[266836,10830179234,[[137,"right",[-0.572824,0.27355,-0.772686],[-0.191165,-0.961258,-0.198591],[29.9181,73.97,22.77],[-1.87878,-46.8633,-1.32234],[31.8992,73.9395,23.0472],0,0,0.97155,[[0.72249,-0.0288667,-0.690779],[0.0525286,0.998532,0.0132127],[0.689383,-0.0458317,0.722945]],62.0939,[248.17,51.3109,250.002],[66.7868,63.3697,59.7876]]],[[1370,[-0.729693,0.117799,-0.673551],137,50.7864,[-36.1974,71.2829,30.1795],[-38.6189,74.2773,29.7775],[-1.61418,-30.3074,-6.85861],false,[44.5418,53.2841,77.0238],[44.5418,53.2841,77.0238],[1.19841,65.7486,58.7975],[-23.046,69.6625,36.4185],[-43.3382,75.4717,27.7807],[[[0.379947,0.899491,-0.215766],[-0.332437,0.350456,0.875595],[0.863206,-0.260951,0.432179]],[[0.356273,0.906271,-0.227469],[-0.281283,0.336175,0.898814],[0.891039,-0.25624,0.374689]],[[0.356273,0.906271,-0.227469],[-0.583625,0.40595,0.703268],[0.729693,-0.117799,0.673551]],[[0.356273,0.906271,-0.227469],[-0.285303,0.337328,0.897113],[0.88976,-0.25472,0.378742]]],0],[1371,[-0.539596,-0.246142,-0.80514],137,57.3068,[-43.6203,62.8808,-42.1951],[-45.6479,66.2827,-44.062],[-9.30704,-2.35079,0.265935],false,[48.4759,74.1858,68.012],[-3.08156,83.4862,19.0724],[-26.0112,76.4707,-15.2464],[-38.7206,70.6732,-34.2103],[-47.5709,65.6443,-47.3857],[[[0.689582,0.0124587,-0.724101],[0.0854306,0.991471,0.098417],[0.719151,-0.129727,0.682636]],[[0.832957,-0.0168714,-0.553081],[-0.0788496,0.985716,-0.148819],[0.547691,0.16757,0.819728]],[[0.832957,-0.0168714,-0.553081],[-0.122553,0.969087,-0.214129],[0.539596,0.246142,0.80514]],[[0.832957,-0.0168714,-0.553081],[-0.153704,0.953145,-0.260558],[0.531562,0.302044,0.791335]]],1],[1372,[-0.504153,-0.199681,-0.840213],137,65.2965,[-28.1459,67.3097,-68.5865],[-29.9675,68.7021,-68.6123],[-2.75687,-6.10708,-2.62635],false,[56.3902,76.0529,59.1883],[14.3656,84.8104,6.46691],[-9.07638,78.1153,-33.6811],[-23.0468,72.582,-56.964],[-32.3269,68.1609,-72.1191],[[[0.755666,-0.174388,-0.631314],[0.216551,0.976215,-0.0104544],[0.618121,-0.128811,0.775457]],[[0.860706,-0.19596,-0.469878],[0.100521,0.970197,-0.220484],[0.49908,0.142539,0.854752]],[[0.860706,-0.19596,-0.469878],[0.0708223,0.960066,-0.27066],[0.504153,0.199681,0.840213]],[[0.860706,-0.19596,-0.469878],[0.0487307,0.950427,-0.307106],[0.506765,0.24143,0.827587]]],2],[1373,[-0.504755,-0.127889,-0.853737],137,62.7843,[-6.13234,71.8109,-73.8739],[-7.3663,72.1941,-73.9123],[1.33816,-8.95092,-4.64677],false,[65.0881,74.9349,51.0385],[34.9419,82.3678,-1.51639],[13.3035,78.5671,-39.1065],[-0.322389,75.1148,-62.1532],[-9.60756,72.2363,-77.548],[[[0.819903,-0.264535,-0.507721],[0.28958,0.956658,-0.030807],[0.493865,-0.121767,0.86097]],[[0.845861,-0.27084,-0.459527],[0.193719,0.958658,-0.208439],[0.496983,0.0872913,0.863358]],[[0.845861,-0.27084,-0.459527],[0.172458,0.954091,-0.244885],[0.504755,0.127889,0.853737]],[[0.845861,-0.27084,-0.459527],[0.156357,0.949554,-0.271846],[0.509973,0.158094,0.845538]]],3],[1374,[-0.383293,-0.209335,-0.899592],137,49.2217,[31.3847,64,-67.8456],[29.4372,63.1692,-68.0186],[-5.83796,-33.2371,-3.24542],false,[74.2321,66.9168,44.3715],[53.6966,75.5081,-7.56447],[41.5063,70.7437,-39.4388],[34.2009,66.7538,-56.5847],[27.4255,62.3752,-71.3176],[[[0.812358,-0.431257,-0.392545],[0.456067,0.889326,-0.0332146],[0.363424,-0.152044,0.919133]],[[0.855219,-0.448289,-0.26007],[0.37873,0.88313,-0.27685],[0.353785,0.138271,0.92505]],[[0.855219,-0.448289,-0.26007],[0.348835,0.869031,-0.350854],[0.383293,0.209335,0.899592]],[[0.855219,-0.448289,-0.26007],[0.325408,0.855034,-0.403766],[0.403373,0.26068,0.877118]]],4]],[[0,165.726,0],[194.933,194.933,122.431]]],[266837,10830188296,[[137,"right",[-0.571581,0.274672,-0.773208],[-0.192354,-0.960905,-0.199154],[29.8997,73.7378,22.8125],[-1.91997,-40.9971,0.337854],[31.8288,73.9324,23.0389],0,0,0.974141,[[0.722074,-0.0298773,-0.69117],[0.0525149,0.998552,0.0116984],[0.68982,-0.0447438,0.722597]],62.0939,[248.211,51.2974,249.989],[66.7125,63.07,59.8663]]],[[1370,[-0.728178,0.118809,-0.675012],137,50.7864,[-36.2738,71.3666,30.1647],[-38.6296,74.1334,29.7228],[-1.14437,-26.2806,-7.06507],false,[44.4341,53.0106,77.0745],[44.4341,53.0106,77.0745],[1.13187,65.5484,58.8008],[-23.0622,69.4959,36.3732],[-43.3323,75.3364,27.7047],[[[0.381498,0.899014,-0.215021],[-0.332877,0.35062,0.875362],[0.862353,-0.262373,0.433022]],[[0.357939,0.905807,-0.2267],[-0.281848,0.336272,0.898601],[0.890192,-0.257749,0.375665]],[[0.357939,0.905807,-0.2267],[-0.584497,0.406691,0.702115],[0.728178,-0.118809,0.675012]],[[0.357939,0.905807,-0.2267],[-0.286231,0.337538,0.896738],[0.888792,-0.256089,0.380088]]],0],[1371,[-0.539109,-0.246217,-0.805443],137,57.3068,[-43.6811,63.0018,-42.2657],[-45.6016,66.1507,-44.1007],[-5.51059,-7.54696,-0.266225],false,[48.4086,73.9098,68.0747],[-3.08193,83.3037,19.0824],[-25.9878,76.2804,-15.2506],[-38.6857,70.4811,-34.2217],[-47.5291,65.4526,-47.4019],[[[0.690387,0.011716,-0.723345],[0.0867737,0.991309,0.0988762],[0.718217,-0.13103,0.683371]],[[0.833409,-0.0178571,-0.552369],[-0.0780194,0.985667,-0.14958],[0.547122,0.167757,0.82007]],[[0.833409,-0.0178571,-0.552369],[-0.12162,0.96905,-0.214827],[0.539109,0.246217,0.805443]],[[0.833409,-0.0178571,-0.552369],[-0.152688,0.953136,-0.261187],[0.531146,0.302016,0.791625]]],1],[1372,[-0.503199,-0.199261,-0.840884],137,65.2965,[-28.2554,67.4062,-68.591],[-29.8832,68.5804,-68.6421],[1.1896,-9.14279,-2.89085],false,[56.3351,75.7685,59.2604],[14.3809,84.607,6.49649],[-9.01062,77.9459,-33.6866],[-22.9546,72.4243,-56.9881],[-32.2187,68.0068,-72.1541],[[[0.756097,-0.175261,-0.630555],[0.21799,0.975901,-0.00985813],[0.617088,-0.130001,0.776082]],[[0.861136,-0.197088,-0.468615],[0.102153,0.970075,-0.220272],[0.498005,0.141814,0.8555]],[[0.861136,-0.197088,-0.468615],[0.0723518,0.959923,-0.270765],[0.503199,0.199261,0.840884]],[[0.861136,-0.197088,-0.468615],[0.0501804,0.950244,-0.307437],[0.505891,0.24123,0.82818]]],2],[1373,[-0.50359,-0.127499,-0.854483],137,62.7843,[-6.20881,71.8675,-73.8832],[-7.26232,72.0496,-73.9237],[4.73148,-12.1629,-3.79663],false,[65.0403,74.6408,51.1196],[34.9622,82.1371,-1.46531],[13.3805,78.3681,-39.0911],[-0.213973,74.9263,-62.1579],[-9.4796,72.0504,-77.5651],[[[0.820067,-0.265547,-0.506927],[0.291013,0.956244,-0.0301385],[0.492749,-0.122807,0.861462]],[[0.846243,-0.271976,-0.458151],[0.195376,0.958403,-0.208069],[0.495683,0.0865649,0.864179]],[[0.846243,-0.271976,-0.458151],[0.173985,0.95382,-0.24486],[0.50359,0.127499,0.854483]],[[0.846243,-0.271976,-0.458151],[0.157782,0.949252,-0.272075],[0.508899,0.157954,0.846211]]],3],[1374,[-0.382603,-0.209526,-0.899841],137,49.2217,[31.2608,63.9531,-67.8474],[29.4861,62.9374,-67.9687],[-2.17389,-32.1518,-0.801644],false,[74.1798,66.6118,44.4596],[53.7135,75.2523,-7.49552],[41.5532,70.485,-39.3808],[34.2609,66.4915,-56.5315],[27.495,62.1087,-71.2675],[[[0.812154,-0.432301,-0.39182],[0.457403,0.888669,-0.0323898],[0.3622,-0.152914,0.919472]],[[0.854959,-0.449487,-0.258858],[0.380127,0.882508,-0.276919],[0.352915,0.138355,0.925369]],[[0.854959,-0.449487,-0.258858],[0.350229,0.868367,-0.351111],[0.382603,0.209526,0.899841]],[[0.854959,-0.449487,-0.258858],[0.326794,0.854329,-0.404138],[0.402805,0.260929,0.877305]]],4]],[[0,165.726,0],[194.933,194.933,122.431]]],[266838,10830197340,[[137,"right",[-0.571388,0.274333,-0.773471],[-0.19244,-0.960986,-0.198679],[29.9037,73.721,22.8279],[-1.27021,-30.2055,0.712782],[31.7617,73.925,23.0316],0,0,0.976491,[[0.721963,-0.0302906,-0.691269],[0.0528223,0.998539,0.0114129],[0.689913,-0.0447541,0.722508]],62.0939,[248.23,51.2929,249.994],[66.7076,63.0682,59.8948]]],[[1370,[-0.727143,0.117596,-0.676339],137,50.7864,[-36.3449,71.4438,30.1487],[-38.6081,74.0848,29.6826],[0.246964,-21.0528,-7.08124],false,[44.4243,53.0209,77.1039],[44.4243,53.0209,77.1039],[1.12626,65.5365,58.805],[-23.0334,69.4437,36.3333],[-43.2951,75.266,27.633],[[[0.381659,0.898849,-0.215424],[-0.333009,0.351132,0.875106],[0.86223,-0.262254,0.433338]],[[0.35784,0.905711,-0.227242],[-0.282246,0.336882,0.898247],[0.890106,-0.25729,0.376183]],[[0.35784,0.905711,-0.227242],[-0.585845,0.407258,0.700662],[0.727143,-0.117596,0.676339]],[[0.35784,0.905711,-0.227242],[-0.287502,0.338397,0.896008],[0.888422,-0.255295,0.381485]]],0],[1371,[-0.538957,-0.24781,-0.805056],137,57.3068,[-43.7399,63.1152,-42.3336],[-45.5801,66.0691,-44.0927],[-3.49449,-9.72888,0.711494],false,[48.4034,73.9148,68.0938],[-3.07597,83.2892,19.086],[-25.9774,76.1977,-15.236],[-38.6717,70.3609,-34.198],[-47.5121,65.3069,-47.3705],[[[0.690536,0.0112386,-0.723211],[0.0868834,0.991351,0.0983633],[0.718061,-0.130758,0.683587]],[[0.833423,-0.018239,-0.552334],[-0.0786046,0.985381,-0.151146],[0.547016,0.169385,0.819806]],[[0.833423,-0.018239,-0.552334],[-0.12219,0.968637,-0.21636],[0.538957,0.24781,0.805056]],[[0.833423,-0.018239,-0.552334],[-0.153231,0.952641,-0.26267],[0.530967,0.30355,0.791159]]],1],[1372,[-0.502733,-0.200118,-0.840959],137,65.2965,[-28.3528,67.4892,-68.5952],[-29.8505,68.5123,-68.6419],[2.39936,-9.60465,-2.17575],false,[56.3319,75.7678,59.28],[14.3895,84.5835,6.50288],[-8.97956,77.8843,-33.6869],[-22.9107,72.3389,-56.9905],[-32.1664,67.9052,-72.1569],[[[0.756203,-0.175698,-0.630308],[0.21812,0.975867,-0.010336],[0.616913,-0.129666,0.776277]],[[0.861401,-0.197491,-0.467958],[0.102239,0.969874,-0.221116],[0.497529,0.142626,0.855642]],[[0.861401,-0.197491,-0.467958],[0.0724352,0.959661,-0.271667],[0.502733,0.200118,0.840959]],[[0.861401,-0.197491,-0.467958],[0.0502634,0.949936,-0.308376],[0.505432,0.242114,0.828202]]],2],[1373,[-0.503145,-0.12874,-0.854559],137,62.7843,[-6.27411,71.9113,-73.8915],[-7.22457,71.9775,-73.9233],[5.00708,-12.3303,-2.75517],false,[65.0386,74.6346,51.1416],[34.9722,82.1067,-1.45342],[13.415,78.3097,-39.0905],[-0.167375,74.8344,-62.1594],[-9.4262,71.9279,-77.5649],[[[0.820135,-0.265926,-0.506618],[0.291144,0.95619,-0.030591],[0.492558,-0.12241,0.861628]],[[0.846527,-0.272387,-0.45738],[0.195574,0.958228,-0.208687],[0.495118,0.0872075,0.864438]],[[0.846527,-0.272387,-0.45738],[0.173887,0.953536,-0.246031],[0.503145,0.12874,0.854559]],[[0.846527,-0.272387,-0.45738],[0.157457,0.948853,-0.273651],[0.508526,0.159635,0.846119]]],3],[1374,[-0.382558,-0.21129,-0.899448],137,49.2217,[31.1482,63.9025,-67.8469],[29.4852,62.8283,-67.9311],[-1.10589,-27.8192,0.660259],false,[74.1784,66.6008,44.4878],[53.7238,75.2161,-7.47613],[41.5676,70.3939,-39.3548],[34.2761,66.3668,-56.4979],[27.5104,61.9528,-71.2247],[[[0.812177,-0.432616,-0.391423],[0.457526,0.888592,-0.0327723],[0.361994,-0.152469,0.919627]],[[0.855059,-0.449776,-0.258022],[0.380012,0.882109,-0.278343],[0.352796,0.139949,0.925175]],[[0.855059,-0.449776,-0.258022],[0.350033,0.867789,-0.352731],[0.382558,0.21129,0.899448]],[[0.855059,-0.449776,-0.258022],[0.326539,0.853607,-0.405866],[0.402798,0.262785,0.876754]]],4]],[[0,165.726,0],[194.933,194.933,122.431]]],[266839,10830206359,[[137,"right",[-0.57124,0.274138,-0.77365],[-0.192519,-0.961031,-0.198385],[29.9107,73.7018,22.8382],[-0.704693,-22.4816,0.833241],[31.6988,73.9174,23.025],0,0,0.978614,[[0.72189,-0.0305789,-0.691332],[0.0530127,0.998531,0.011189],[0.689974,-0.0447265,0.722451]],62.0939,[248.247,51.2893,249.998],[66.7078,63.0573,59.9144]]],[[1370,[-0.726351,0.116859,-0.677317],137,50.7864,[-36.4106,71.5148,30.133],[-38.5902,74.0544,29.6647],[0.978999,-16.355,-5.95585],false,[44.4208,53.0183,77.1234],[44.4208,53.0183,77.1234],[1.1254,65.5273,58.8138],[-23.008,69.41,36.3096],[-43.2686,75.2295,27.605],[[[0.381794,0.898733,-0.215668],[-0.333102,0.351464,0.874938],[0.862135,-0.262207,0.433556]],[[0.35788,0.90562,-0.22754],[-0.282365,0.337229,0.898079],[0.890052,-0.257155,0.376403]],[[0.35788,0.90562,-0.22754],[-0.586802,0.407672,0.699619],[0.726351,-0.116859,0.677317]],[[0.35788,0.90562,-0.22754],[-0.287589,0.338734,0.895853],[0.888377,-0.25517,0.381673]]],0],[1371,[-0.538681,-0.24956,-0.804701],137,57.3068,[-43.7958,63.2199,-42.3983],[-45.5512,65.9853,-44.0884],[-1.67948,-11.536,1.26999],false,[48.4036,73.9087,68.1069],[-3.06722,83.2725,19.0882],[-25.9602,76.1156,-15.2259],[-38.6481,70.2375,-34.1795],[-47.4828,65.1529,-47.3439],[[[0.690646,0.0109166,-0.72311],[0.0869818,0.991374,0.0980433],[0.717943,-0.130611,0.683739]],[[0.833497,-0.0185179,-0.552214],[-0.0792228,0.985106,-0.152611],[0.546815,0.170949,0.819615]],[[0.833497,-0.0185179,-0.552214],[-0.122909,0.968182,-0.217982],[0.538681,0.24956,0.804701]],[[0.833497,-0.0185179,-0.552214],[-0.154001,0.952046,-0.264371],[0.530629,0.305394,0.790675]]],1],[1372,[-0.502259,-0.201567,-0.840896],137,65.2965,[-28.44,67.5586,-68.5989],[-29.8179,68.429,-68.6387],[3.38186,-11.18,-1.45113],false,[56.3337,75.7578,59.2937],[14.4003,84.5606,6.50726],[-8.94551,77.81,-33.6875],[-22.8635,72.2245,-56.9893],[-32.1105,67.7598,-72.1519],[[[0.756278,-0.175996,-0.630134],[0.218233,0.975839,-0.010631],[0.616781,-0.129476,0.776413]],[[0.861702,-0.197798,-0.467274],[0.102109,0.96965,-0.222156],[0.497034,0.14372,0.855746]],[[0.861702,-0.197798,-0.467274],[0.0721407,0.959295,-0.273037],[0.502259,0.201567,0.840896]],[[0.861702,-0.197798,-0.467274],[0.0498524,0.949439,-0.309967],[0.504959,0.243805,0.827995]]],2],[1373,[-0.502711,-0.129718,-0.854666],137,62.7843,[-6.32987,71.9454,-73.8993],[-7.18647,71.9244,-73.9278],[5.23367,-11.7038,-2.17919],false,[65.0415,74.6209,51.157],[34.9839,82.0788,-1.44509],[13.4509,78.2654,-39.0944],[-0.119832,74.7637,-62.1661],[-9.37211,71.8312,-77.5706],[[[0.820182,-0.26619,-0.506404],[0.291258,0.956146,-0.0308683],[0.492413,-0.122177,0.861744]],[[0.846799,-0.272693,-0.456695],[0.195803,0.958106,-0.20903],[0.494564,0.0875841,0.864717]],[[0.846799,-0.272693,-0.456695],[0.17382,0.953316,-0.246931],[0.502711,0.129718,0.854666]],[[0.846799,-0.272693,-0.456695],[0.157161,0.948524,-0.274958],[0.508166,0.161059,0.846066]]],3],[1374,[-0.382509,-0.212707,-0.899135],137,49.2217,[31.0463,63.8505,-67.8449],[29.4875,62.741,-67.9033],[-0.25046,-23.8159,1.38341],false,[74.1814,66.5838,44.5073],[53.7356,75.184,-7.46265],[41.5849,70.3216,-39.3372],[34.2944,66.2675,-56.4744],[27.5284,61.8271,-71.1932],[[[0.812186,-0.432841,-0.391155],[0.457632,0.888529,-0.0330017],[0.361837,-0.152202,0.919733]],[[0.855148,-0.449998,-0.257341],[0.379959,0.88181,-0.279362],[0.352638,0.141116,0.925058]],[[0.855148,-0.449998,-0.257341],[0.34987,0.867328,-0.354024],[0.382509,0.212707,0.899135]],[[0.855148,-0.449998,-0.257341],[0.326293,0.853005,-0.407327],[0.402809,0.264356,0.876276]]],4]],[[0,165.726,0],[194.933,194.933,122.431]]],[266840,10830215432,[[137,"right",[-0.571106,0.273951,-0.773814],[-0.192595,-0.961074,-0.198103],[29.9175,73.6852,22.8481],[-0.304396,-16.7731,0.902333],[31.6395,73.9097,23.0191],0,0,0.980564,[[0.721824,-0.0308516,-0.691389],[0.0531967,0.998524,0.0109816],[0.690029,-0.0447063,0.722399]],62.0939,[248.262,51.2859,250.003],[66.7084,63.0486,59.9326]]],[[1370,[-0.724959,0.115447,-0.679048],137,50.7864,[-36.4705,71.5788,30.1168],[-38.5614,73.9992,29.6281],[2.02577,-14.0723,-6.02105],false,[44.418,53.0175,77.1418],[44.418,53.0175,77.1418],[1.12463,65.505,58.8128],[-22.9625,69.3408,36.2511],[-43.226,75.1547,27.5496],[[[0.381919,0.898623,-0.215905],[-0.333182,0.35178,0.87478],[0.862048,-0.26216,0.433757]],[[0.357706,0.905591,-0.227929],[-0.282716,0.337643,0.897813],[0.89001,-0.256714,0.376802]],[[0.357706,0.905591,-0.227929],[-0.588626,0.408139,0.697812],[0.724959,-0.115447,0.679048]],[[0.357706,0.905591,-0.227929],[-0.287413,0.338994,0.895811],[0.888505,-0.254927,0.381539]]],0],[1371,[-0.538388,-0.251335,-0.804344],137,57.3068,[-43.8489,63.3166,-42.4601],[-45.5227,65.903,-44.0832],[-0.35031,-12.6523,1.65774],false,[48.4043,73.9046,68.1191],[-3.05895,83.2582,19.0905],[-25.9435,76.0415,-15.2167],[-38.6245,70.1217,-34.1619],[-47.453,65.004,-47.3176],[[[0.690745,0.0106115,-0.72302],[0.0870743,0.991396,0.0977377],[0.717837,-0.130468,0.683878]],[[0.833576,-0.0187852,-0.552085],[-0.0797724,0.984852,-0.153956],[0.546614,0.172376,0.819451]],[[0.833576,-0.0187852,-0.552085],[-0.123648,0.967718,-0.21962],[0.538388,0.251335,0.804344]],[[0.833576,-0.0187852,-0.552085],[-0.154855,0.951402,-0.266184],[0.530255,0.307378,0.790157]]],1],[1372,[-0.501901,-0.202421,-0.840905],137,65.2965,[-28.519,67.6188,-68.6024],[-29.79,68.3735,-68.6383],[3.76033,-10.6866,-1.07049],false,[56.3358,75.7501,59.3064],[14.4104,84.5404,6.51152],[-8.91727,77.7633,-33.6893],[-22.8253,72.1541,-56.9913],[-32.0659,67.6701,-72.1521],[[[0.756344,-0.176278,-0.629976],[0.218338,0.975812,-0.0109139],[0.616662,-0.129293,0.776538]],[[0.861916,-0.198075,-0.466762],[0.102181,0.969509,-0.222734],[0.496648,0.144284,0.855876]],[[0.861916,-0.198075,-0.466762],[0.0720798,0.959058,-0.273883],[0.501901,0.202421,0.840905]],[[0.861916,-0.198075,-0.466762],[0.0496935,0.94911,-0.311],[0.504609,0.244861,0.827896]]],2],[1373,[-0.502317,-0.130395,-0.854795],137,62.7843,[-6.37809,71.9726,-73.9068],[-7.15212,71.8802,-73.932],[5.20483,-10.6723,-1.75919],false,[65.0445,74.6096,51.1713],[34.9948,82.0538,-1.43726],[13.4818,78.224,-39.0963],[-0.0782794,74.7039,-62.1715],[-9.32408,71.7551,-77.5768],[[[0.820222,-0.266439,-0.506208],[0.291364,0.956105,-0.0311351],[0.492284,-0.121953,0.861849]],[[0.847024,-0.272976,-0.456108],[0.195987,0.957991,-0.209385],[0.494105,0.087963,0.864941]],[[0.847024,-0.272976,-0.456108],[0.173864,0.953143,-0.247568],[0.502317,0.130395,0.854795]],[[0.847024,-0.272976,-0.456108],[0.157097,0.94829,-0.275801],[0.50781,0.161957,0.846108]]],3],[1374,[-0.382479,-0.214384,-0.898749],137,49.2217,[30.9536,63.7965,-67.8416],[29.4875,62.6472,-67.8736],[0.333037,-21.2311,1.98843],false,[74.1845,66.5694,44.5253],[53.7466,75.1552,-7.45008],[41.6019,70.2468,-39.3199],[34.3119,66.1608,-56.4498],[27.5451,61.6886,-71.1585],[[[0.812193,-0.433053,-0.390907],[0.457732,0.888469,-0.0332244],[0.361697,-0.151946,0.91983]],[[0.855261,-0.450218,-0.256579],[0.379866,0.881483,-0.280516],[0.352464,0.142448,0.92492]],[[0.855261,-0.450218,-0.256579],[0.349626,0.866801,-0.355553],[0.382479,0.214384,0.898749]],[[0.855261,-0.450218,-0.256579],[0.325931,0.852299,-0.40909],[0.402862,0.266251,0.875678]]],4]],[[0,165.726,0],[194.933,194.933,122.431]]],[266841,10830224409,[[137,"right",[-0.571036,0.273696,-0.773957],[-0.192663,-0.961135,-0.197738],[29.9258,73.679,22.8566],[0.0342874,-12.3667,0.91423],[31.585,73.9023,23.0139],0,0,0.982318,[[0.721774,-0.0311467,-0.691428],[0.0534316,0.998513,0.0107968],[0.690063,-0.0447369,0.722365]],62.0939,[248.276,51.2831,250.009],[66.7136,63.0538,59.9475]]],[[1370,[-0.723871,0.113934,-0.680462],137,50.7864,[-36.5242,71.6351,30.101],[-38.5376,73.9445,29.6012],[2.46647,-12.5651,-5.62607],false,[44.4214,53.0314,77.1593],[44.4214,53.0314,77.1593],[1.12792,65.4832,58.806],[-22.9231,69.2687,36.1973],[-43.1955,75.0764,27.5122],[[[0.382007,0.898506,-0.216233],[-0.333206,0.35215,0.874622],[0.862,-0.262062,0.433912]],[[0.357327,0.905599,-0.228491],[-0.283193,0.338179,0.897461],[0.890011,-0.25598,0.3773]],[[0.357327,0.905599,-0.228491],[-0.590193,0.408546,0.696249],[0.723871,-0.113934,0.680462]],[[0.357327,0.905599,-0.228491],[-0.286685,0.339181,0.895973],[0.888892,-0.25465,0.38082]]],0],[1371,[-0.538171,-0.253272,-0.803882],137,57.3068,[-43.8983,63.4033,-42.5175],[-45.4984,65.8182,-44.0704],[0.45605,-13.5658,2.19143],false,[48.4099,73.9146,68.1287],[-3.04956,83.2533,19.0932],[-25.9293,75.9714,-15.2034],[-38.6052,70.0059,-34.1377],[-47.4285,64.8522,-47.2828],[[[0.69079,0.0102708,-0.722982],[0.0871508,0.991427,0.0973547],[0.717784,-0.13026,0.683973]],[[0.833591,-0.0190667,-0.552053],[-0.0804005,0.984573,-0.155408],[0.5465,0.173932,0.819198]],[[0.833591,-0.0190667,-0.552053],[-0.124492,0.967207,-0.221386],[0.538171,0.253272,0.803882]],[[0.833591,-0.0190667,-0.552053],[-0.155831,0.950694,-0.268138],[0.529946,0.309544,0.789519]]],1],[1372,[-0.501701,-0.203615,-0.840736],137,65.2965,[-28.59,67.6694,-68.6051],[-29.771,68.3149,-68.6299],[3.66698,-10.5188,-0.467892],false,[56.3421,75.7559,59.3157],[14.4207,84.5291,6.51481],[-8.89472,77.7302,-33.6894],[-22.7972,72.0879,-56.9868],[-32.0345,67.5724,-72.1403],[[[0.756368,-0.176588,-0.62986],[0.21842,0.97579,-0.0112828],[0.616604,-0.12904,0.776626]],[[0.862056,-0.198355,-0.466385],[0.102274,0.969383,-0.223241],[0.496386,0.144748,0.855949]],[[0.862056,-0.198355,-0.466385],[0.0718009,0.958747,-0.275043],[0.501701,0.203615,0.840736]],[[0.862056,-0.198355,-0.466385],[0.0491376,0.948606,-0.31262],[0.504425,0.246579,0.827499]]],2],[1373,[-0.502034,-0.131314,-0.854821],137,62.7843,[-6.41953,71.9927,-73.9135],[-7.12522,71.8322,-73.9325],[4.91777,-10.1994,-1.29635],false,[65.0513,74.6116,51.1815],[35.0054,82.0377,-1.43173],[13.5082,78.1856,-39.0975],[-0.044255,74.6407,-62.1735],[-9.28578,71.6697,-77.577],[[[0.82023,-0.266706,-0.506054],[0.291446,0.956069,-0.0314917],[0.492221,-0.121657,0.861927]],[[0.847211,-0.273268,-0.455586],[0.196096,0.957861,-0.20988],[0.493741,0.0884744,0.865096]],[[0.847211,-0.273268,-0.455586],[0.17377,0.952933,-0.248441],[0.502034,0.131314,0.854821]],[[0.847211,-0.273268,-0.455586],[0.156848,0.947997,-0.276949],[0.507575,0.163177,0.846015]]],3],[1374,[-0.382495,-0.21622,-0.898302],137,49.2217,[30.8705,63.7417,-67.8372],[29.4837,62.5526,-67.8435],[0.649473,-19.4578,2.44301],false,[74.1909,66.568,44.5393],[53.757,75.1351,-7.4407],[41.6168,70.1761,-39.3045],[34.3266,66.055,-56.4258],[27.5581,61.5481,-71.1231],[[[0.812181,-0.433273,-0.390687],[0.457807,0.888418,-0.0335