{"metadata":{"formatVersion":2,"generatedBy":"LeapJS Playback 0.2.1","frames":511,"protocolVersion":6,"serviceVersion":"2.3.1+31549","frameRate":"1.1e+2","modified":"Mon Oct 19 2015 00:31:51 GMT+0200 (CEST)"},"frames":[["id","timestamp",{"hands":[["id","type","direction","palmNormal","palmPosition","palmVelocity","stabilizedPalmPosition","pinchStrength","grabStrength","confidence","armBasis","armWidth","elbow","wrist"]]},{"pointables":[["id","direction","handId","length","stabilizedTipPosition","tipPosition","tipVelocity","tool","carpPosition","mcpPosition","pipPosition","dipPosition","btipPosition","bases","type"]]},{"interactionBox":["center","size"]}],[265406,10799191840,[[136,"right",[-0.809319,0.548584,-0.209904],[-0.450711,-0.809168,-0.376969],[49.4937,100.491,8.39349],[-3.99863,18.9242,-2.18429],[49.571,99.9876,8.44476],0,0.264588,0.875088,[[0.190935,0.154923,-0.9693],[-0.314888,0.944946,0.0890034],[0.929725,0.288227,0.229207]],59.6367,[329.845,150.374,72.0103],[94.9058,77.5392,14.0901]]],[[1360,[-0.814485,0.38546,0.43363],136,48.7767,[3.5172,99.2332,71.1741],[2.90177,99.4264,70.9577],[-10.332,0.57981,8.17253],false,[82.8926,61.9874,35.0218],[82.8926,61.9874,35.0218],[43.1836,80.4261,51.3269],[17.1928,92.7264,65.1643],[-1.22391,101.322,73.3321],[[[0.396766,0.915486,-0.0668016],[0.21429,-0.0216159,0.976531],[0.892556,-0.401769,-0.204756]],[[0.397461,0.915173,-0.0669611],[0.345827,-0.0818016,0.934726],[0.849958,-0.394674,-0.349004]],[[0.397461,0.915173,-0.0669611],[0.422657,-0.117812,0.8986],[0.814485,-0.38546,-0.43363]],[[0.397461,0.915173,-0.0669611],[0.367536,-0.0919082,0.925457],[0.840798,-0.392444,-0.372889]]],0],[1361,[-0.905546,-0.331662,-0.264552],136,55.039,[-47.0593,90.8349,7.00293],[-47.0065,91.4301,6.49688],[-0.568861,-15.2932,6.60096],false,[85.8788,83.8782,33.0086],[22.6421,110.032,25.3822],[-16.0543,103.33,16.7525],[-36.5391,95.8277,10.7679],[-50.163,88.8853,6.08858],[[[0.235414,0.299602,-0.924564],[0.317994,0.875196,0.364572],[0.918401,-0.379831,0.110761]],[[0.149868,0.333296,-0.930835],[-0.22666,0.927976,0.295779],[0.962375,0.166655,0.214619]],[[0.149868,0.333296,-0.930835],[-0.396896,0.882561,0.252109],[0.905546,0.331662,0.264552]],[[0.149868,0.333296,-0.930835],[-0.501656,0.836914,0.218898],[0.851986,0.434153,0.292627]]],1],[1362,[-0.853959,-0.358155,-0.377464],136,62.7126,[-43.1292,92.5699,-25.0338],[-43.2246,93.4617,-25.4148],[-3.84687,-8.44844,2.01511],false,[88.5628,88.8975,22.9881],[31.2329,116.063,7.52725],[-9.59071,108.266,-10.0144],[-32.3181,98.7344,-20.0603],[-46.4655,90.4591,-26.44],[[[0.299646,0.0919124,-0.949613],[0.373301,0.904696,0.205358],[0.877985,-0.416026,0.236777]],[[0.38628,0.0496798,-0.921043],[-0.178497,0.983699,-0.0218013],[0.904946,0.172825,0.388851]],[[0.38628,0.0496798,-0.921043],[-0.348629,0.932339,-0.0959236],[0.853959,0.358155,0.377464]],[[0.38628,0.0496798,-0.921043],[-0.451387,0.880991,-0.14179],[0.804386,0.470518,0.362734]]],2],[1363,[-0.854573,-0.34691,-0.38647],136,60.2998,[-26.4656,93.6066,-41.8319],[-26.5821,94.5966,-42.1556],[-4.14305,-8.52219,1.35051],false,[91.6316,91.0309,12.1145],[43.8231,117.056,-9.6579],[6.73613,108.2,-26.8257],[-15.4202,99.2053,-36.8456],[-29.8574,91.7173,-43.2708],[[[0.396583,-0.0387742,-0.917179],[0.421554,0.895227,0.144431],[0.815484,-0.443919,0.371378]],[[0.430657,-0.0574808,-0.900683],[-0.167162,0.975622,-0.142191],[0.8869,0.211796,0.41055]],[[0.430657,-0.0574808,-0.900683],[-0.290241,0.936136,-0.198521],[0.854573,0.34691,0.38647]],[[0.430657,-0.0574808,-0.900683],[-0.364559,0.90185,-0.231868],[0.825609,0.428208,0.367433]]],3],[1364,[-0.77517,-0.399203,-0.489642],136,47.2739,[5.60837,91.8824,-59.2364],[5.39765,93.0176,-59.4658],[-1.76364,-8.91845,0.432539],false,[94.4399,86.5104,-0.0964772],[54.9885,113.404,-25.8936],[29.2438,105.003,-44.9145],[15.054,97.6951,-53.8776],[2.75286,89.9005,-60.8186],[[[0.41316,-0.237273,-0.879204],[0.548484,0.835539,0.0322573],[0.726955,-0.495557,0.475352]],[[0.626404,-0.385032,-0.677767],[0.0492417,0.8873,-0.458556],[0.777942,0.253867,0.574768]],[[0.626404,-0.385032,-0.677767],[-0.0820389,0.832098,-0.548528],[0.77517,0.399203,0.489642]],[[0.626404,-0.385032,-0.677767],[-0.161813,0.786321,-0.596251],[0.762519,0.483166,0.430251]]],4]],[[0,192.912,0],[226.91,226.91,142.515]]],[265407,10799200811,[[136,"right",[-0.811946,0.543714,-0.212414],[-0.447164,-0.813247,-0.372389],[49.4304,100.819,8.33097],[-4.83753,23.7381,-3.49453],[49.5396,100.173,8.41931],0,0.268196,0.885377,[[0.190852,0.152415,-0.969714],[-0.313192,0.945697,0.0869998],[0.930315,0.287102,0.228223]],59.6367,[330.039,150.657,71.798],[94.9507,78.1072,14.1265]]],[[1360,[-0.81665,0.37893,0.435309],136,48.7767,[3.43271,99.2453,71.2065],[2.77374,99.5751,70.9912],[-14.0021,0.145778,5.80976],false,[83.0199,62.6126,35.1477],[83.0199,62.6126,35.1477],[43.0986,80.7388,51.284],[17.0387,92.8307,65.175],[-1.45441,101.28,73.3236],[[[0.392506,0.916934,-0.0719166],[0.214879,-0.0153916,0.976519],[0.894297,-0.398743,-0.203071]],[[0.388452,0.91873,-0.0709962],[0.344867,-0.0735017,0.935769],[0.854501,-0.387985,-0.345392]],[[0.388452,0.91873,-0.0709962],[0.426835,-0.111118,0.897477],[0.81665,-0.37893,-0.435309]],[[0.388452,0.91873,-0.0709962],[0.369167,-0.0845688,0.925507],[0.844287,-0.385724,-0.372015]]],0],[1361,[-0.903545,-0.339408,-0.26155],136,55.039,[-47.0493,90.6958,7.05887],[-47.0068,91.1365,6.61034],[0.0921679,-20.1401,7.81822],false,[85.904,84.5058,33.0156],[22.5436,110.326,25.2824],[-16.1146,103.3,16.7406],[-36.5541,95.6217,10.8239],[-50.137,88.5624,6.20053],[[[0.233564,0.295722,-0.926281],[0.314137,0.878594,0.359708],[0.920199,-0.374994,0.112311]],[[0.146186,0.329605,-0.932733],[-0.23301,0.927806,0.291345],[0.961424,0.174746,0.212434]],[[0.146186,0.329605,-0.932733],[-0.402785,0.881001,0.248196],[0.903545,0.339408,0.26155]],[[0.146186,0.329605,-0.932733],[-0.507065,0.834549,0.215438],[0.84942,0.441462,0.289131]]],1],[1362,[-0.852722,-0.363754,-0.374897],136,62.7126,[-43.161,92.4634,-25.0088],[-43.281,93.1634,-25.3676],[-4.56499,-14.1642,2.96722],false,[88.5599,89.4836,22.9669],[31.0975,116.301,7.39092],[-9.70351,108.221,-10.0749],[-32.398,98.5401,-20.0524],[-46.517,90.1755,-26.3784],[[[0.298741,0.0881996,-0.95025],[0.369228,0.907495,0.20031],[0.880014,-0.410699,0.23854]],[[0.385278,0.0466712,-0.92162],[-0.183142,0.982721,-0.026796],[0.904445,0.179111,0.387168]],[[0.385278,0.0466712,-0.92162],[-0.35274,0.930325,-0.100349],[0.852722,0.363754,0.374897]],[[0.385278,0.0466712,-0.92162],[-0.455102,0.878427,-0.145769],[0.802772,0.475592,0.359679]]],2],[1363,[-0.85373,-0.351582,-0.384104],136,60.2998,[-26.5067,93.5036,-41.814],[-26.662,94.2944,-42.1221],[-5.753,-13.4188,1.93377],false,[91.6133,91.5728,12.0804],[43.6744,117.26,-9.80594],[6.6142,108.132,-26.8889],[-15.5203,99.0161,-36.8475],[-29.9443,91.4662,-43.2297],[[[0.396297,-0.041863,-0.917168],[0.417493,0.897923,0.139409],[0.817709,-0.438158,0.373321]],[[0.430033,-0.0600881,-0.900812],[-0.172104,0.974029,-0.147131],[0.886258,0.218304,0.408523]],[[0.430033,-0.0600881,-0.900812],[-0.293629,0.934227,-0.202491],[0.85373,0.351582,0.384104]],[[0.430033,-0.0600881,-0.900812],[-0.366996,0.899989,-0.235231],[0.824855,0.431751,0.364972]]],3],[1364,[-0.773693,-0.404789,-0.487385],136,47.2739,[5.58622,91.7827,-59.232],[5.33309,92.7623,-59.4622],[-3.28718,-13.3394,0.438674],false,[94.4363,86.9999,-0.107668],[54.8483,113.573,-26.0277],[29.1296,104.938,-44.9793],[14.9668,97.5282,-53.9011],[2.69353,89.6584,-60.8063],[[[0.413808,-0.240077,-0.878138],[0.544641,0.838219,0.0274893],[0.729472,-0.489645,0.477617]],[[0.627735,-0.385703,-0.676152],[0.0444623,0.884961,-0.463537],[0.777156,0.260915,0.572671]],[[0.627735,-0.385703,-0.676152],[-0.0857135,0.829083,-0.552516],[0.773693,0.404789,0.487385]],[[0.627735,-0.385703,-0.676152],[-0.164754,0.783105,-0.599669],[0.760792,0.487832,0.428037]]],4]],[[0,192.912,0],[226.91,226.91,142.515]]],[265408,10799209881,[[136,"right",[-0.81441,0.539179,-0.214528],[-0.443796,-0.816909,-0.368381],[49.3892,101.051,8.26348],[-4.75655,24.2478,-4.58551],[49.5075,100.361,8.38605],0,0.271854,0.894552,[[0.189991,0.150157,-0.970235],[-0.31174,0.946321,0.085411],[0.930979,0.286234,0.226603]],59.6367,[330.267,150.896,71.4036],[95.0108,78.5649,14.1415]]],[[1360,[-0.822235,0.367261,0.434798],136,48.7767,[3.29157,99.1803,71.1978],[2.44054,99.2421,70.8325],[-26.5366,-19.1303,-5.39084],false,[83.1578,63.1163,35.2404],[83.1578,63.1163,35.2404],[42.8558,80.682,51.0467],[16.6177,92.4015,64.9214],[-2.02776,100.588,72.9904],[[[0.388471,0.91829,-0.0763742],[0.215417,-0.00991616,0.976472],[0.895927,-0.395783,-0.201667]],[[0.374224,0.924447,-0.0731686],[0.340276,-0.0634911,0.93818],[0.862652,-0.375986,-0.338327]],[[0.374224,0.924447,-0.0731686],[0.42882,-0.10255,0.897551],[0.822235,-0.367261,-0.434798]],[[0.374224,0.924447,-0.0731686],[0.367897,-0.0755737,0.92679],[0.851239,-0.373745,-0.368383]]],0],[1361,[-0.901553,-0.346828,-0.258673],136,55.039,[-47.0336,90.5154,7.12049],[-46.9821,90.7679,6.71858],[1.30795,-25.909,8.58713],false,[85.9455,85.0118,33.0052],[22.4694,110.52,25.1842],[-16.1504,103.182,16.7313],[-36.5449,95.3359,10.8797],[-50.0868,88.1647,6.30873],[[[0.231824,0.292428,-0.927763],[0.310479,0.881617,0.355464],[0.921879,-0.370456,0.113587]],[[0.142461,0.326566,-0.934377],[-0.239167,0.927389,0.287659],[0.960471,0.182492,0.210221]],[[0.142461,0.326566,-0.934377],[-0.408542,0.879241,0.245007],[0.901553,0.346828,0.258673]],[[0.142461,0.326566,-0.934377],[-0.51238,0.832009,0.212668],[0.84686,0.448459,0.285854]]],1],[1362,[-0.851512,-0.368855,-0.372658],136,62.7126,[-43.192,92.316,-24.983],[-43.3124,92.8223,-25.3343],[-4.29023,-19.5557,3.11918],false,[88.5748,89.9544,22.9322],[30.9885,116.449,7.26076],[-9.78979,108.115,-10.1387],[-32.4521,98.2982,-20.0567],[-46.5429,89.8512,-26.3357],[[[0.297893,0.0850819,-0.9508],[0.365367,0.910016,0.195905],[0.881911,-0.405749,0.240002]],[[0.384421,0.0441634,-0.922101],[-0.187377,0.981796,-0.0310946],[0.903942,0.184734,0.385698]],[[0.384421,0.0441634,-0.922101],[-0.356579,0.928437,-0.10419],[0.851512,0.368855,0.372658]],[[0.384421,0.0441634,-0.922101],[-0.458632,0.876003,-0.149247],[0.801172,0.480279,0.357009]]],2],[1363,[-0.853257,-0.3549,-0.382098],136,60.2998,[-26.5567,93.3715,-41.7966],[-26.728,93.9678,-42.0942],[-6.71136,-16.9583,1.97895],false,[91.6138,92.0062,12.0345],[43.5528,117.383,-9.94672],[6.51725,108.003,-26.947],[-15.605,98.8014,-36.8536],[-30.0276,91.2215,-43.2032],[[[0.396031,-0.0443994,-0.917163],[0.413643,0.900371,0.135025],[0.819792,-0.432852,0.37494]],[[0.42932,-0.0621148,-0.901014],[-0.176852,0.972537,-0.151313],[0.885668,0.224307,0.406544]],[[0.42932,-0.0621148,-0.901014],[-0.296036,0.932839,-0.205366],[0.853257,0.3549,0.382098]],[[0.42932,-0.0621148,-0.901014],[-0.368007,0.899025,-0.237328],[0.824776,0.433469,0.363111]]],3],[1364,[-0.772366,-0.409245,-0.485767],136,47.2739,[5.55913,91.6539,-59.2329],[5.29158,92.4707,-59.4723],[-3.81702,-17.038,-0.234364],false,[94.4508,87.389,-0.133587],[54.7348,113.668,-26.1568],[29.0405,104.817,-45.0415],[14.902,97.3258,-53.9337],[2.65158,89.4041,-60.82],[[[0.414425,-0.242352,-0.877222],[0.540996,0.840702,0.0233195],[0.73183,-0.484237,0.479519]],[[0.628961,-0.386021,-0.674831],[0.0397953,0.882868,-0.467933],[0.776418,0.267456,0.570651]],[[0.628961,-0.386021,-0.674831],[-0.088655,0.826745,-0.555548],[0.772366,0.409245,0.485767]],[[0.628961,-0.386021,-0.674831],[-0.166597,0.780933,-0.601987],[0.759377,0.491051,0.426866]]],4]],[[0,192.912,0],[226.91,226.91,142.515]]],[265409,10799218891,[[136,"right",[-0.816169,0.535732,-0.216471],[-0.441359,-0.819814,-0.364839],[49.3687,101.209,8.21534],[-4.07468,22.4184,-4.79356],[49.4797,100.531,8.35189],0,0.27437,0.903269,[[0.189611,0.147847,-0.970664],[-0.310582,0.946867,0.0835525],[0.931443,0.285628,0.225455]],59.6367,[330.436,151.069,71.1423],[95.0625,78.8909,14.1703]]],[[1360,[-0.82713,0.357432,0.433702],136,48.7767,[3.11534,99.0525,71.1625],[2.1397,98.8713,70.7105],[-32.7405,-31.9667,-10.981],false,[83.2652,63.4928,35.3372],[83.2652,63.4928,35.3372],[42.6332,80.5808,50.819],[16.2389,91.9867,64.6587],[-2.48926,99.9415,72.7678],[[[0.385565,0.919179,-0.0803117],[0.215778,-0.00519796,0.976429],[0.897095,-0.393806,-0.200343]],[[0.362129,0.929099,-0.0750799],[0.335348,-0.054705,0.940505],[0.869715,-0.365762,-0.331382]],[[0.362129,0.929099,-0.0750799],[0.429788,-0.0949553,0.897923],[0.82713,-0.357432,-0.433702]],[[0.362129,0.929099,-0.0750799],[0.37123,-0.06987,0.925908],[0.855015,-0.36317,-0.370212]]],0],[1361,[-0.900219,-0.352266,-0.255958],136,55.039,[-47.0155,90.3284,7.18685],[-46.9573,90.4856,6.82864],[1.94931,-27.1401,9.47283],false,[85.9835,85.3875,33.0104],[22.4251,110.664,25.1062],[-16.1684,103.093,16.7386],[-36.5328,95.1246,10.9485],[-50.0479,87.8723,6.42638],[[[0.230591,0.289309,-0.929047],[0.307835,0.884049,0.351702],[0.923074,-0.367093,0.114795]],[[0.139388,0.32376,-0.935816],[-0.243563,0.927218,0.284507],[0.959817,0.188273,0.208099]],[[0.139388,0.32376,-0.935816],[-0.412525,0.878116,0.242353],[0.900219,0.352266,0.255958]],[[0.139388,0.32376,-0.935816],[-0.51598,0.830354,0.210419],[0.845184,0.453532,0.282795]]],1],[1362,[-0.850904,-0.372062,-0.370853],136,62.7126,[-43.2213,92.1618,-24.9585],[-43.3336,92.5511,-25.298],[-3.98548,-20.564,3.01499],false,[88.5938,90.2965,22.916],[30.9195,116.545,7.15538],[-9.84338,108.027,-10.1908],[-32.4895,98.1247,-20.0607],[-46.5689,89.6312,-26.3024],[[[0.297302,0.0820771,-0.951249],[0.362579,0.911959,0.192007],[0.88326,-0.401987,0.241368]],[[0.383846,0.0416074,-0.922459],[-0.190184,0.981129,-0.034884],[0.9036,0.188827,0.384515]],[[0.383846,0.0416074,-0.922459],[-0.358643,0.927275,-0.107411],[0.850904,0.372062,0.370853]],[[0.383846,0.0416074,-0.922459],[-0.46024,0.874676,-0.152059],[0.800526,0.482919,0.35489]]],2],[1363,[-0.853294,-0.356422,-0.380594],136,60.2998,[-26.6086,93.2372,-41.7812],[-26.7766,93.7003,-42.0661],[-6.98945,-17.5009,1.80348],false,[91.6227,92.3127,12.0089],[43.4749,117.447,-10.0603],[6.45864,107.866,-26.99],[-15.6646,98.6253,-36.8576],[-30.1002,91.0525,-43.1863],[[[0.395857,-0.0469556,-0.917111],[0.410865,0.902214,0.13115],[0.821272,-0.428726,0.37644]],[[0.428773,-0.0642698,-0.901123],[-0.180445,0.971274,-0.155133],[0.885208,0.22912,0.404859]],[[0.428773,-0.0642698,-0.901123],[-0.296719,0.932112,-0.207665],[0.853294,0.356422,0.380594]],[[0.428773,-0.0642698,-0.901123],[-0.366978,0.899072,-0.238739],[0.825518,0.433057,0.361912]]],3],[1364,[-0.771482,-0.412124,-0.484736],136,47.2739,[5.53324,91.5131,-59.2379],[5.2723,92.1966,-59.4774],[-3.63134,-18.9221,-0.760608],false,[94.47,87.6541,-0.140982],[54.663,113.701,-26.2588],[28.9865,104.673,-45.0838],[14.8642,97.1287,-53.9571],[2.62612,89.1834,-60.8382],[[[0.414884,-0.244682,-0.876357],[0.538366,0.842482,0.0196485],[0.733507,-0.479953,0.481261]],[[0.629837,-0.386771,-0.673583],[0.0362579,0.880901,-0.47191],[0.775881,0.272803,0.568847]],[[0.629837,-0.386771,-0.673583],[-0.0901182,0.824962,-0.557958],[0.771482,0.412124,0.484736]],[[0.629837,-0.386771,-0.673583],[-0.166775,0.77964,-0.603612],[0.758612,0.492514,0.426542]]],4]],[[0,192.912,0],[226.91,226.91,142.515]]],[265410,10799227937,[[136,"right",[-0.817681,0.532871,-0.217821],[-0.439441,-0.822198,-0.361777],[49.355,101.321,8.15799],[-3.36753,19.6294,-5.22005],[49.4562,100.679,8.31542],0,0.276338,0.911167,[[0.189451,0.146056,-0.970967],[-0.309663,0.947298,0.0820751],[0.931782,0.285123,0.224694]],59.6367,[330.569,151.191,70.9422],[95.1101,79.1413,14.1624]]],[[1360,[-0.827378,0.349243,0.439858],136,48.7767,[2.93942,98.8792,71.1527],[2.02152,98.5306,70.8406],[-28.1806,-37.8348,-2.49595],false,[83.365,63.7851,35.3887],[83.365,63.7851,35.3887],[42.5435,80.4959,50.7835],[16.1413,91.6405,64.8197],[-2.65049,99.4194,72.9522],[[[0.383132,0.919895,-0.0836784],[0.216355,-0.00130057,0.976314],[0.897998,-0.392162,-0.199523]],[[0.352742,0.932553,-0.0769269],[0.334812,-0.0490195,0.941009],[0.87377,-0.357689,-0.329521]],[[0.352742,0.932553,-0.0769269],[0.437057,-0.0915087,0.894767],[0.827378,-0.349243,-0.439858]],[[0.352742,0.932553,-0.0769269],[0.37356,-0.0649698,0.925328],[0.85792,-0.355139,-0.371282]]],0],[1361,[-0.899213,-0.356724,-0.253305],136,55.039,[-46.9965,90.142,7.2573],[-46.9339,90.2298,6.94128],[2.2944,-27.0891,10.2253],false,[86.0251,85.6786,32.9854],[22.3968,110.763,25.0322],[-16.1779,103.002,16.7533],[-36.5195,94.9319,11.0231],[-50.0142,87.6131,6.54743],[[[0.229303,0.286728,-0.930165],[0.305744,0.886042,0.348498],[0.924089,-0.364304,0.115507]],[[0.136427,0.32148,-0.937037],[-0.247059,0.927035,0.282078],[0.959349,0.19302,0.205897]],[[0.136427,0.32148,-0.937037],[-0.415696,0.877154,0.240412],[0.899213,0.356724,0.253305]],[[0.136427,0.32148,-0.937037],[-0.518852,0.828957,0.208858],[0.843908,0.45769,0.279892]]],1],[1362,[-0.850474,-0.374716,-0.369164],136,62.7126,[-43.2488,92.0041,-24.9346],[-43.3549,92.3038,-25.2599],[-3.68348,-20.9328,2.96695],false,[88.6168,90.5599,22.8729],[30.8655,116.605,7.05645],[-9.88668,107.928,-10.2361],[-32.5213,97.9551,-20.0611],[-46.5934,89.4246,-26.2689],[[[0.296539,0.0795953,-0.951698],[0.360323,0.913547,0.188677],[0.884439,-0.398868,0.242222]],[[0.383186,0.039457,-0.922828],[-0.192627,0.980534,-0.03806],[0.903362,0.192345,0.383327]],[[0.383186,0.039457,-0.922828],[-0.360364,0.9263,-0.110029],[0.850474,0.374716,0.369164]],[[0.383186,0.039457,-0.922828],[-0.461521,0.87361,-0.154285],[0.800105,0.485024,0.352965]]],2],[1363,[-0.853465,-0.357542,-0.379157],136,60.2998,[-26.6621,93.1034,-41.7672],[-26.8285,93.4601,-42.0377],[-7.15955,-17.5036,1.68925],false,[91.6342,92.5466,11.9571],[43.4086,117.481,-10.1695],[6.40535,107.728,-27.0299],[-15.7223,98.4584,-36.8602],[-30.1723,90.8967,-43.1692],[[[0.395447,-0.0490641,-0.917177],[0.408599,0.903719,0.127826],[0.822599,-0.425306,0.37742]],[[0.428093,-0.066068,-0.901316],[-0.183562,0.970178,-0.158301],[0.884896,0.233215,0.403199]],[[0.428093,-0.066068,-0.901316],[-0.297208,0.931557,-0.209448],[0.853465,0.357542,0.379157]],[[0.428093,-0.066068,-0.901316],[-0.365918,0.899245,-0.239714],[0.826341,0.432428,0.360785]]],3],[1364,[-0.771058,-0.413328,-0.484386],136,47.2739,[5.50378,91.3764,-59.2514],[5.23785,91.9596,-59.4981],[-4.12636,-18.3865,-1.99052],false,[94.4866,87.8539,-0.178434],[54.597,113.708,-26.3617],[28.9285,104.534,-45.127],[14.8139,96.9679,-53.9939],[2.57739,89.0319,-60.8885],[[[0.415011,-0.2466,-0.875759],[0.53619,0.843937,0.0164537],[0.735028,-0.476401,0.482468]],[[0.630305,-0.387343,-0.672816],[0.0331283,0.879273,-0.475166],[0.77564,0.27721,0.567042]],[[0.630305,-0.387343,-0.672816],[-0.0904706,0.824091,-0.559187],[0.771058,0.413328,0.484386]],[[0.630305,-0.387343,-0.672816],[-0.165438,0.779722,-0.603874],[0.758515,0.491934,0.427382]]],4]],[[0,192.912,0],[226.91,226.91,142.515]]],[265411,10799236951,[[136,"right",[-0.818944,0.530434,-0.219021],[-0.43783,-0.824238,-0.359077],[49.3355,101.409,8.09687],[-3.03715,16.9215,-5.64897],[49.4352,100.806,8.27743],0,0.276946,0.917963,[[0.189448,0.144448,-0.971208],[-0.308865,0.947676,0.0806999],[0.932047,0.284684,0.22415]],59.6367,[330.668,151.286,70.7877],[95.1416,79.3471,14.1454]]],[[1360,[-0.82936,0.340347,0.443087],136,48.7767,[2.74892,98.6502,71.1405],[1.80845,98.0755,70.8396],[-29.0344,-46.1568,-2.66542],false,[83.4403,64.0295,35.4237],[83.4403,64.0295,35.4237],[42.3845,80.3179,50.6473],[15.9191,91.1786,64.7865],[-2.95036,98.7601,72.9256],[[[0.381091,0.920469,-0.0866428],[0.216836,0.00211518,0.976206],[0.89875,-0.39081,-0.198785]],[[0.342492,0.936269,-0.0781035],[0.332319,-0.0429666,0.942188],[0.878785,-0.348647,-0.325855]],[[0.342492,0.936269,-0.0781035],[0.441431,-0.0869779,0.89307],[0.82936,-0.340347,-0.443087]],[[0.342492,0.936269,-0.0781035],[0.374936,-0.059981,0.925108],[0.861465,-0.346126,-0.371584]]],0],[1361,[-0.89865,-0.359855,-0.250864],136,55.039,[-46.9821,89.9728,7.32663],[-46.9322,90.0411,7.03166],[1.66194,-24.618,10.2722],false,[86.0517,85.9214,32.9532],[22.3651,110.843,24.9559],[-16.1993,102.945,16.7591],[-36.5282,94.8044,11.0842],[-50.0117,87.4393,6.65089],[[[0.228223,0.284418,-0.931139],[0.303988,0.887751,0.345672],[0.924935,-0.361946,0.116146]],[[0.133976,0.319401,-0.938101],[-0.249384,0.927037,0.280018],[0.959092,0.196432,0.203854]],[[0.133976,0.319401,-0.938101],[-0.417706,0.876634,0.238818],[0.89865,0.359855,0.250864]],[[0.133976,0.319401,-0.938101],[-0.520625,0.828158,0.207614],[0.843208,0.460584,0.277241]]],1],[1362,[-0.850182,-0.37681,-0.367702],136,62.7126,[-43.2764,91.8507,-24.9144],[-43.3827,92.0881,-25.2371],[-3.68892,-20.3131,2.46013],false,[88.6278,90.7778,22.8246],[30.8122,116.649,6.95843],[-9.93051,107.836,-10.2871],[-32.5574,97.8073,-20.0732],[-46.626,89.2501,-26.2522],[[[0.295898,0.0773674,-0.952081],[0.358428,0.914893,0.185742],[0.885423,-0.396214,0.242985]],[[0.38263,0.0375127,-0.92314],[-0.194699,0.980011,-0.0408766],[0.903154,0.195375,0.382285]],[[0.38263,0.0375127,-0.92314],[-0.361642,0.925531,-0.112286],[0.850182,0.37681,0.367702]],[[0.38263,0.0375127,-0.92314],[-0.462323,0.872853,-0.156158],[0.799907,0.48654,0.351323]]],2],[1363,[-0.854103,-0.356721,-0.378495],136,60.2998,[-26.7205,92.9924,-41.7648],[-26.8942,93.289,-42.0413],[-7.9108,-14.3962,0.07445],false,[91.6355,92.7381,11.9014],[43.345,117.5,-10.2763],[6.35607,107.607,-27.0861],[-15.7881,98.3587,-36.8992],[-30.2684,90.8538,-43.2065],[[[0.395103,-0.0509721,-0.917222],[0.406696,0.904986,0.124896],[0.823706,-0.422377,0.378293]],[[0.427763,-0.0678408,-0.901342],[-0.18597,0.96924,-0.16121],[0.884553,0.236582,0.401988]],[[0.427763,-0.0678408,-0.901342],[-0.29585,0.931745,-0.210535],[0.854103,0.35672,0.378495]],[[0.427763,-0.0678408,-0.901342],[-0.362367,0.900669,-0.239764],[0.828076,0.429178,0.360689]]],3],[1364,[-0.770734,-0.414113,-0.48423],136,47.2739,[5.47197,91.2488,-59.2729],[5.20098,91.7474,-59.5305],[-4.53553,-17.3932,-3.2221],false,[94.4921,88.015,-0.221315],[54.5336,113.703,-26.4626],[28.8721,104.404,-45.1759],[14.7635,96.8238,-54.04],[2.52673,88.902,-60.9505],[[[0.415117,-0.24834,-0.875217],[0.534362,0.845146,0.0136418],[0.736298,-0.473346,0.483538]],[[0.630699,-0.387924,-0.672111],[0.0305039,0.877816,-0.478027],[0.775428,0.280989,0.56547]],[[0.630699,-0.387924,-0.672111],[-0.0904853,0.823423,-0.560167],[0.770734,0.414113,0.48423]],[[0.630699,-0.387924,-0.672111],[-0.163869,0.779987,-0.603959],[0.758529,0.491055,0.428368]]],4]],[[0,192.912,0],[226.91,226.91,142.515]]],[265412,10799246052,[[136,"right",[-0.819986,0.528346,-0.220167],[-0.436491,-0.826024,-0.356594],[49.3333,101.475,8.04378],[-2.26218,14.2491,-5.70016],[49.4189,100.913,8.23986],0,0.277099,0.923095,[[0.189804,0.142934,-0.971362],[-0.308204,0.948012,0.0792746],[0.932193,0.284331,0.223989]],59.6367,[330.745,151.363,70.7368],[95.1814,79.5127,14.1352]]],[[1360,[-0.829503,0.334528,0.447231],136,48.7767,[2.56498,98.4025,71.1368],[1.70279,97.7866,70.8882],[-24.5278,-44.1233,-0.193974],false,[83.5163,64.2337,35.461],[83.5163,64.2337,35.461],[42.3097,80.248,50.5674],[15.8397,90.923,64.8389],[-3.07766,98.3776,72.9839],[[[0.379399,0.920907,-0.0893699],[0.217226,0.00523305,0.976107],[0.899372,-0.389748,-0.19806]],[[0.335565,0.938639,-0.0797099],[0.330829,-0.0381984,0.942917],[0.882014,-0.34278,-0.323347]],[[0.335565,0.938639,-0.0797099],[0.446454,-0.0839554,0.890859],[0.829503,-0.334528,-0.447231]],[[0.335565,0.938639,-0.0797099],[0.376164,-0.0559392,0.924863],[0.863653,-0.340335,-0.371854]]],0],[1361,[-0.89821,-0.362401,-0.248767],136,55.039,[-46.969,89.8209,7.39262],[-46.9179,89.8851,7.10772],[1.5675,-21.7411,9.77766],false,[86.0873,86.1233,32.9282],[22.3528,110.908,24.8874],[-16.2045,102.903,16.7608],[-36.5233,94.7048,11.1333],[-49.9975,87.3008,6.73655],[[[0.227335,0.282224,-0.932024],[0.30253,0.889259,0.343066],[0.925632,-0.359956,0.116778]],[[0.132036,0.317363,-0.939067],[-0.251101,0.92717,0.278037],[0.958913,0.19909,0.20211]],[[0.132036,0.317363,-0.939067],[-0.419268,0.876325,0.237208],[0.89821,0.362401,0.248767]],[[0.132036,0.317363,-0.939067],[-0.522063,0.827585,0.206283],[0.842625,0.463016,0.274954]]],1],[1362,[-0.849919,-0.378668,-0.3664],136,62.7126,[-43.2999,91.6991,-24.8972],[-43.3894,91.8881,-25.2196],[-2.98219,-19.8052,2.003],false,[88.6506,90.9559,22.7851],[30.7822,116.679,6.87034],[-9.94911,107.733,-10.3341],[-32.569,97.6552,-20.0855],[-46.636,89.0771,-26.2389],[[[0.295374,0.0752384,-0.952415],[0.356857,0.916051,0.183038],[0.886232,-0.39394,0.243728]],[[0.382207,0.0356123,-0.92339],[-0.196696,0.979493,-0.0436397],[0.9029,0.198306,0.381374]],[[0.382207,0.0356123,-0.92339],[-0.362707,0.924847,-0.114462],[0.849919,0.378668,0.3664]],[[0.382207,0.0356123,-0.92339],[-0.46283,0.872265,-0.157933],[0.799816,0.487735,0.349868]]],2],[1363,[-0.854811,-0.355603,-0.377947],136,60.2998,[-26.7788,92.8993,-41.77],[-26.9413,93.1384,-42.0447],[-7.81145,-11.7737,-1.00368],false,[91.6504,92.8911,11.8552],[43.3064,117.504,-10.3719],[6.3299,107.486,-27.1347],[-15.8326,98.2666,-36.9336],[-30.3444,90.823,-43.2413],[[[0.394823,-0.0528246,-0.917237],[0.405117,0.906061,0.122201],[0.824618,-0.419836,0.379134]],[[0.427463,-0.0695605,-0.901353],[-0.188058,0.968383,-0.163919],[0.884257,0.239575,0.400866]],[[0.427463,-0.0695605,-0.901353],[-0.294234,0.932045,-0.211468],[0.854811,0.355603,0.377947]],[[0.427463,-0.0695605,-0.901353],[-0.358588,0.902201,-0.239685],[0.829874,0.425671,0.360713]]],3],[1364,[-0.770635,-0.414254,-0.484269],136,47.2739,[5.44073,91.1307,-59.299],[5.17943,91.5522,-59.5591],[-4.44837,-16.0718,-3.95479],false,[94.5106,88.1393,-0.255422],[54.4953,113.682,-26.552],[28.8357,104.272,-45.2119],[14.7289,96.6884,-54.0767],[2.48718,88.7932,-61.0089],[[[0.41521,-0.250038,-0.87469],[0.532846,0.84614,0.0110621],[0.737344,-0.470668,0.484557]],[[0.63088,-0.388508,-0.671604],[0.0280814,0.876469,-0.480639],[0.775372,0.284366,0.563856]],[[0.63088,-0.388508,-0.671604],[-0.0900723,0.823077,-0.560742],[0.770635,0.414254,0.484269]],[[0.63088,-0.388508,-0.671604],[-0.161741,0.780732,-0.60357],[0.758835,0.489406,0.429711]]],4]],[[0,192.912,0],[226.91,226.91,142.515]]],[265413,10799255010,[[136,"right",[-0.820466,0.52738,-0.220693],[-0.435808,-0.826812,-0.355602],[49.3284,101.471,8.00675],[-1.79224,10.2304,-5.27169],[49.406,100.993,8.20666],0,0.277628,0.9256,[[0.19006,0.142353,-0.971397],[-0.308059,0.948109,0.0786669],[0.932189,0.284296,0.224051]],59.6367,[330.759,151.397,70.736],[95.1962,79.5556,14.1188]]],[[1360,[-0.829243,0.33212,0.449503],136,48.7767,[2.40253,98.1689,71.1375],[1.65164,97.6084,70.9127],[-18.943,-37.2714,0.837696],false,[83.5465,64.2909,35.4634],[83.5465,64.2909,35.4634],[42.2856,80.1928,50.5404],[15.8239,90.7909,64.8844],[-3.12073,98.1952,73.0119],[[[0.37859,0.921133,-0.0904651],[0.217317,0.00654306,0.976079],[0.89969,-0.389193,-0.197701]],[[0.332742,0.939586,-0.080381],[0.330582,-0.0363914,0.943076],[0.883175,-0.340373,-0.322719]],[[0.332742,0.939586,-0.080381],[0.449043,-0.0829128,0.889655],[0.829243,-0.33212,-0.449503]],[[0.332742,0.939586,-0.080381],[0.375811,-0.0539446,0.925125],[0.864898,-0.338036,-0.371057]]],0],[1361,[-0.897874,-0.36385,-0.247862],136,55.039,[-46.9576,89.6849,7.44682],[-46.9107,89.7504,7.13203],[1.37874,-19.4412,7.65732],false,[86.0982,86.1798,32.9052],[22.3414,110.9,24.8422],[-16.2095,102.833,16.7464],[-36.5208,94.602,11.1393],[-49.9881,87.1764,6.7583],[[[0.226998,0.281351,-0.93237],[0.30179,0.889915,0.342015],[0.925956,-0.359017,0.1171]],[[0.131036,0.316618,-0.939459],[-0.25223,0.927093,0.27727],[0.958754,0.200628,0.201344]],[[0.131036,0.316618,-0.939459],[-0.4203,0.875994,0.236606],[0.897874,0.36385,0.247862]],[[0.131036,0.316618,-0.939459],[-0.523004,0.82711,0.205805],[0.842197,0.464373,0.273974]]],1],[1362,[-0.849924,-0.379039,-0.366004],136,62.7126,[-43.3205,91.5652,-24.8882],[-43.3981,91.7607,-25.231],[-2.58324,-17.3108,0.735953],false,[88.6563,91.003,22.7563],[30.764,116.658,6.81768],[-9.95796,107.643,-10.3731],[-32.578,97.5554,-20.114],[-46.651,88.9826,-26.261],[[[0.295215,0.074401,-0.952529],[0.356078,0.916571,0.181951],[0.886598,-0.39289,0.244093]],[[0.382118,0.0348685,-0.923455],[-0.197816,0.979211,-0.044881],[0.902693,0.199824,0.381072]],[[0.382118,0.0348685,-0.923455],[-0.362787,0.924724,-0.115202],[0.849924,0.379039,0.366004]],[[0.382118,0.0348685,-0.923455],[-0.462309,0.872464,-0.158356],[0.80016,0.487432,0.349505]]],2],[1363,[-0.855843,-0.352685,-0.378347],136,60.2998,[-26.8347,92.8423,-41.7856],[-26.9883,93.0903,-42.0737],[-7.82093,-6.7066,-2.63505],false,[91.6533,92.9283,11.8239],[43.2858,117.474,-10.4267],[6.3168,107.398,-27.1715],[-15.8725,98.2543,-36.9809],[-30.4238,90.9052,-43.3083],[[[0.394779,-0.0535351,-0.917215],[0.404342,0.906553,0.12112],[0.825019,-0.418684,0.379535]],[[0.427388,-0.0702004,-0.901339],[-0.189068,0.967995,-0.165042],[0.884077,0.240952,0.400437]],[[0.427388,-0.0702004,-0.901339],[-0.291328,0.933105,-0.210814],[0.855843,0.352685,0.378347]],[[0.427388,-0.0702004,-0.901339],[-0.353401,0.904681,-0.238033],[0.832134,0.420266,0.361841]]],3],[1364,[-0.770738,-0.413247,-0.484964],136,47.2739,[5.41277,91.0351,-59.328],[5.16663,91.4376,-59.5961],[-4.10247,-13.1325,-4.61759],false,[94.5165,88.165,-0.281592],[54.4765,113.643,-26.6036],[28.8155,104.174,-45.2321],[14.7068,96.6094,-54.1096],[2.45674,88.7549,-61.0732],[[[0.415341,-0.250681,-0.874443],[0.532111,0.846615,0.0100375],[0.7378,-0.46947,0.485024]],[[0.630895,-0.388566,-0.671557],[0.0265786,0.875871,-0.481813],[0.775413,0.286124,0.56291]],[[0.630895,-0.388566,-0.671557],[-0.0890788,0.823555,-0.560198],[0.770738,0.413247,0.484964]],[[0.630895,-0.388566,-0.671557],[-0.159243,0.782278,-0.602231],[0.759351,0.486885,0.431659]]],4]],[[0,192.912,0],[226.91,226.91,142.515]]],[265414,10799264104,[[136,"right",[-0.820929,0.526406,-0.2213],[-0.435121,-0.827624,-0.354554],[49.3182,101.466,7.96712],[-1.6061,7.23919,-5.01875],[49.395,101.052,8.17664],0,0.277887,0.930623,[[0.190422,0.141706,-0.971421],[-0.307889,0.948222,0.0779685],[0.932172,0.284243,0.224192]],59.6367,[330.763,151.425,70.7568],[95.2051,79.5972,14.1038]]],[[1360,[-0.832397,0.326785,0.447579],136,48.7767,[2.21953,97.9095,71.0898],[1.38634,97.1898,70.6654],[-24.2663,-41.1997,-11.5621],false,[83.5696,64.349,35.4678],[83.5696,64.349,35.4678],[42.1384,79.9837,50.356],[15.576,90.4116,64.6386],[-3.49737,97.7008,72.5666],[[[0.377797,0.921344,-0.0916258],[0.217365,0.00793645,0.976058],[0.900012,-0.388668,-0.197269]],[[0.326509,0.941771,-0.0803701],[0.327018,-0.0327772,0.94445],[0.886821,-0.334654,-0.318678]],[[0.326509,0.941771,-0.0803701],[0.44778,-0.0792385,0.890626],[0.832397,-0.326785,-0.447579]],[[0.326509,0.941771,-0.0803701],[0.367614,-0.0481935,0.928729],[0.870777,-0.332783,-0.361944]]],0],[1361,[-0.897647,-0.365025,-0.246955],136,55.039,[-46.9487,89.5588,7.4931],[-46.9128,89.6303,7.14786],[0.884594,-17.1521,5.89879],false,[86.1024,86.2369,32.8824],[22.324,110.893,24.7924],[-16.2213,102.771,16.7253],[-36.5274,94.5131,11.1388],[-49.9909,87.0709,6.77391],[[[0.226707,0.280391,-0.93273],[0.301048,0.890595,0.340897],[0.926269,-0.35808,0.117493]],[[0.13017,0.315756,-0.939869],[-0.253197,0.92709,0.276396],[0.958617,0.201994,0.200628]],[[0.13017,0.315756,-0.939869],[-0.421053,0.875817,0.235923],[0.897647,0.365025,0.246955]],[[0.13017,0.315756,-0.939869],[-0.523613,0.826858,0.20527],[0.841953,0.465407,0.272966]]],1],[1362,[-0.850178,-0.378794,-0.365667],136,62.7126,[-43.3428,91.448,-24.8866],[-43.4206,91.6453,-25.2445],[-2.88734,-14.2877,-0.434722],false,[88.6559,91.0497,22.7274],[30.7408,116.635,6.76029],[-9.97416,107.564,-10.4171],[-32.6009,97.4823,-20.149],[-46.6876,88.9289,-26.2917],[[[0.2951,0.0734747,-0.952637],[0.355305,0.917099,0.180797],[0.886947,-0.39183,0.24453]],[[0.38204,0.0340517,-0.923518],[-0.198676,0.978981,-0.0460914],[0.902537,0.20109,0.380775]],[[0.38204,0.0340517,-0.923518],[-0.362275,0.924854,-0.115765],[0.850178,0.378794,0.365667]],[[0.38204,0.0340517,-0.923518],[-0.461027,0.873112,-0.158524],[0.800937,0.48633,0.349262]]],2],[1363,[-0.856637,-0.350485,-0.378594],136,60.2998,[-26.8869,92.8022,-41.8072],[-27.0314,93.0212,-42.1054],[-7.4868,-4.40537,-3.67329],false,[91.6506,92.9641,11.7925],[43.2609,117.441,-10.4858],[6.30217,107.296,-27.2115],[-15.9077,98.209,-37.0272],[-30.4914,90.9377,-43.3698],[[[0.394775,-0.0543324,-0.91717],[0.403573,0.907047,0.119976],[0.825398,-0.417509,0.380007]],[[0.427351,-0.0709259,-0.901299],[-0.190292,0.967529,-0.166365],[0.883833,0.242606,0.399978]],[[0.427351,-0.0709259,-0.901299],[-0.28904,0.933879,-0.210538],[0.856637,0.350485,0.378594]],[[0.427351,-0.0709259,-0.901299],[-0.349053,0.906677,-0.236853],[0.833986,0.41582,0.362713]]],3],[1364,[-0.770743,-0.412623,-0.485487],136,47.2739,[5.38726,90.9508,-59.3587],[5.15333,91.3132,-59.6342],[-3.7544,-11.6131,-4.99899],false,[94.5172,88.1883,-0.307278],[54.454,113.599,-26.6585],[28.7942,104.068,-45.2569],[14.6854,96.5149,-54.144],[2.42952,88.6928,-61.1338],[[[0.415507,-0.251408,-0.874155],[0.531388,0.847081,0.00896042],[0.738228,-0.468239,0.485564]],[[0.630999,-0.388734,-0.671361],[0.0251104,0.875178,-0.483148],[0.775377,0.288008,0.561998]],[[0.630999,-0.388734,-0.671361],[-0.088294,0.823789,-0.559979],[0.770743,0.412623,0.485487]],[[0.630999,-0.388734,-0.671361],[-0.157095,0.783442,-0.601282],[0.759712,0.484876,0.433282]]],4]],[[0,192.912,0],[226.91,226.91,142.515]]],[265415,10799273133,[[136,"right",[-0.821669,0.524986,-0.221924],[-0.43404,-0.828701,-0.353359],[49.2774,101.452,7.92841],[-2.40891,4.82154,-4.81731],[49.3828,101.094,8.15087],0,0.277839,0.934887,[[0.191007,0.141255,-0.971372],[-0.307638,0.948349,0.0774143],[0.932135,0.284044,0.224597]],59.6367,[330.743,151.431,70.8447],[95.1946,79.6541,14.0895]]],[[1360,[-0.83233,0.326222,0.448113],136,48.7767,[2.06372,97.6908,71.0507],[1.35792,97.1688,70.6624],[-17.8336,-29.6441,-8.04149],false,[83.5824,64.4196,35.476],[83.5824,64.4196,35.476],[42.1381,80.0192,50.3643],[15.5778,90.4292,64.6639],[-3.5085,97.7046,72.5734],[[[0.376535,0.921728,-0.0929424],[0.217473,0.00957697,0.976019],[0.900515,-0.387718,-0.196845]],[[0.325248,0.942091,-0.0817145],[0.327509,-0.0311604,0.944334],[0.887103,-0.333905,-0.318679]],[[0.325248,0.942091,-0.0817145],[0.44882,-0.0777344,0.890235],[0.83233,-0.326222,-0.448113]],[[0.325248,0.942091,-0.0817145],[0.367331,-0.0462438,0.92894],[0.871368,-0.332152,-0.3611]]],0],[1361,[-0.897444,-0.366347,-0.245732],136,55.039,[-46.9466,89.4373,7.53551],[-46.946,89.4611,7.18434],[-0.533279,-16.7086,5.34735],false,[86.0853,86.3073,32.8601],[22.2725,110.865,24.744],[-16.2662,102.673,16.7164],[-36.5678,94.3858,11.1575],[-50.0288,86.9267,6.81402],[[[0.226213,0.279412,-0.933143],[0.299881,0.891472,0.339632],[0.926768,-0.356661,0.117872]],[[0.128942,0.314873,-0.940335],[-0.254444,0.927009,0.275521],[0.958453,0.203736,0.199648]],[[0.128942,0.314873,-0.940335],[-0.421863,0.875583,0.235343],[0.897444,0.366347,0.245732]],[[0.128942,0.314873,-0.940335],[-0.524157,0.826601,0.204915],[0.841804,0.466461,0.271626]]],1],[1362,[-0.850209,-0.379063,-0.365315],136,62.7126,[-43.3696,91.3354,-24.8906],[-43.4681,91.4695,-25.2558],[-3.79368,-14.1209,-1.28079],false,[88.631,91.1096,22.6982],[30.6792,116.594,6.70297],[-10.0221,107.438,-10.4619],[-32.6497,97.3499,-20.1844],[-46.7455,88.808,-26.3223],[[[0.294884,0.0725617,-0.952774],[0.354082,0.917829,0.179489],[0.887508,-0.390288,0.24496]],[[0.382013,0.0332353,-0.923559],[-0.200093,0.978622,-0.0475481],[0.902235,0.202962,0.380497]],[[0.382013,0.0332353,-0.923559],[-0.362229,0.924774,-0.11655],[0.850209,0.379063,0.365315]],[[0.382013,0.0332353,-0.923559],[-0.460146,0.873509,-0.158897],[0.801456,0.485673,0.348985]]],2],[1363,[-0.856883,-0.349906,-0.378572],136,60.2998,[-26.9366,92.7574,-41.8306],[-27.0905,92.8728,-42.1309],[-7.47221,-6.07344,-4.04327],false,[91.6218,93.0129,11.7602],[43.1962,117.393,-10.5457],[6.254,107.157,-27.2522],[-15.9622,98.0848,-37.0674],[-30.5622,90.8521,-43.4167],[[[0.394737,-0.0550611,-0.917143],[0.402357,0.907758,0.118676],[0.82601,-0.415864,0.38048]],[[0.427407,-0.0716237,-0.901218],[-0.192001,0.966925,-0.167903],[0.883436,0.244798,0.399518]],[[0.427407,-0.0716237,-0.901218],[-0.288227,0.934043,-0.210925],[0.856883,0.349906,0.378572]],[[0.427407,-0.0716237,-0.901218],[-0.346746,0.907633,-0.23658],[0.834919,0.41361,0.363093]]],3],[1364,[-0.770595,-0.411998,-0.486252],136,47.2739,[5.36008,90.8739,-59.3911],[5.11006,91.1577,-59.6764],[-4.42783,-11.227,-5.58466],false,[94.4933,88.2243,-0.333261],[54.3925,113.545,-26.7146],[28.7386,103.937,-45.2816],[14.6326,96.3947,-54.1826],[2.3726,88.609,-61.2058],[[[0.415742,-0.252049,-0.873859],[0.530239,0.847813,0.00772711],[0.738922,-0.466567,0.486117]],[[0.631292,-0.388706,-0.671102],[0.0232413,0.874422,-0.484608],[0.775197,0.290332,0.56105]],[[0.631292,-0.388706,-0.671102],[-0.0874837,0.824115,-0.559627],[0.770595,0.411998,0.486252]],[[0.631292,-0.388706,-0.671102],[-0.154666,0.784846,-0.600079],[0.759966,0.482622,0.435348]]],4]],[[0,192.912,0],[226.91,226.91,142.515]]],[265416,10799282157,[[136,"right",[-0.822454,0.523184,-0.223264],[-0.43281,-0.830259,-0.351206],[49.2098,101.4,7.82708],[-3.8084,1.92676,-6.58165],[49.3691,101.118,8.12535],0,0.27827,0.939822,[[0.191894,0.139777,-0.971411],[-0.307279,0.948596,0.0757939],[0.932071,0.28395,0.224981]],59.6367,[330.692,151.441,70.8959],[95.1596,79.6872,14.0436]]],[[1360,[-0.83202,0.325734,0.449043],136,48.7767,[1.928,97.5048,71.0193],[1.29718,97.1327,70.6422],[-13.6223,-21.2505,-5.27889],false,[83.5704,64.4907,35.4697],[83.5704,64.4907,35.4697],[42.1153,80.0531,50.367],[15.565,90.4475,64.6963],[-3.53432,97.7092,72.5871],[[[0.375159,0.922045,-0.0953336],[0.217474,0.0124254,0.975987],[0.901088,-0.386883,-0.19586]],[[0.32358,0.942456,-0.0841002],[0.328537,-0.0285557,0.944059],[0.887333,-0.333109,-0.318872]],[[0.32358,0.942456,-0.0841002],[0.450597,-0.0753282,0.889543],[0.83202,-0.325734,-0.449043]],[[0.32358,0.942456,-0.0841002],[0.3674,-0.0432372,0.929058],[0.87196,-0.331523,-0.360249]]],0],[1361,[-0.896954,-0.368391,-0.244462],136,55.039,[-46.9514,89.3068,7.56574],[-46.9966,89.2365,7.14374],[-1.93491,-18.5027,2.51222],false,[86.0406,86.3753,32.7971],[22.1911,110.817,24.6189],[-16.3347,102.533,16.624],[-36.6251,94.199,11.0939],[-50.0776,86.7103,6.77495],[[[0.225781,0.277335,-0.933868],[0.298557,0.892793,0.337319],[0.927301,-0.354973,0.118775]],[[0.128051,0.312771,-0.941157],[-0.256098,0.927213,0.273293],[0.958132,0.206033,0.19883]],[[0.128051,0.312771,-0.941157],[-0.423175,0.875478,0.233368],[0.896954,0.368391,0.244462]],[[0.128051,0.312771,-0.941157],[-0.525232,0.826352,0.203157],[0.841269,0.468312,0.270092]]],1],[1362,[-0.850054,-0.380123,-0.364574],136,62.7126,[-43.4021,91.2119,-24.908],[-43.5345,91.2025,-25.3282],[-4.9604,-16.9707,-3.67817],false,[88.5789,91.1551,22.6227],[30.589,116.512,6.56286],[-10.0961,107.25,-10.5832],[-32.7196,97.133,-20.286],[-46.8188,88.5859,-26.409],[[[0.294759,0.0705367,-0.952965],[0.352716,0.918817,0.177107],[0.888092,-0.38833,0.24595]],[[0.382095,0.0313484,-0.923591],[-0.201546,0.978193,-0.0501789],[0.901877,0.205319,0.380081]],[[0.382095,0.0313484,-0.923591],[-0.362507,0.924405,-0.118595],[0.850054,0.380123,0.364574]],[[0.382095,0.0313484,-0.923591],[-0.459748,0.873415,-0.160555],[0.801645,0.485967,0.34814]]],2],[1363,[-0.856941,-0.350295,-0.37808],136,60.2998,[-26.9867,92.6913,-41.8624],[-27.167,92.6097,-42.2128],[-7.9421,-11.1053,-5.86977],false,[91.5667,93.0345,11.6799],[43.1045,117.285,-10.6881],[6.18082,106.933,-27.3646],[-16.0369,97.8514,-37.167],[-30.6475,90.6364,-43.5121],[[[0.394803,-0.0568444,-0.917006],[0.401005,0.908661,0.11632],[0.826635,-0.413647,0.381537]],[[0.427506,-0.073321,-0.901034],[-0.193808,0.966098,-0.17057],[0.882993,0.247547,0.398802]],[[0.427506,-0.073321,-0.901034],[-0.287907,0.933765,-0.212585],[0.856941,0.350295,0.37808]],[[0.427506,-0.073321,-0.901034],[-0.345163,0.907956,-0.237651],[0.835525,0.4126,0.362849]]],3],[1364,[-0.770367,-0.41195,-0.486654],136,47.2739,[5.32944,90.7875,-59.4313],[5.04742,90.8819,-59.7748],[-5.512,-14.6037,-7.7004],false,[94.4452,88.219,-0.401266],[54.3062,113.411,-26.8472],[28.6612,103.701,-45.3734],[14.5593,96.1605,-54.2818],[2.29642,88.4036,-61.3317],[[[0.416103,-0.253688,-0.873213],[0.528975,0.84862,0.00552359],[0.7396