{"metadata":{"formatVersion":2,"generatedBy":"LeapJS Playback 0.2.1","frames":449,"protocolVersion":6,"serviceVersion":"2.3.1+31549","frameRate":"1.1e+2","modified":"Mon Oct 19 2015 00:32:47 GMT+0200 (CEST)"},"frames":[["id","timestamp",{"hands":[["id","type","direction","palmNormal","palmPosition","palmVelocity","stabilizedPalmPosition","pinchStrength","grabStrength","confidence","armBasis","armWidth","elbow","wrist"]]},{"pointables":[["id","direction","handId","length","stabilizedTipPosition","tipPosition","tipVelocity","tool","carpPosition","mcpPosition","pipPosition","dipPosition","btipPosition","bases","type"]]},{"interactionBox":["center","size"]}],[268360,10851621947,[[138,"right",[-0.731171,0.363307,-0.577405],[-0.132995,-0.906067,-0.401691],[38.4275,87.6645,13.4132],[-0.674445,-9.10478,-14.4041],[37.5227,90.0977,16.8653],0,0,1,[[0.31508,0.112866,-0.94233],[-0.292074,0.956247,0.0168742],[0.903005,0.269913,0.33426]],60.5534,[313.036,143.567,125.309],[81.3415,74.3119,39.5436]]],[[1380,[-0.893353,0.117035,-0.433848],138,49.5264,[-23.9938,71.1684,32.7581],[-26.6001,70.887,27.059],[-7.39356,16.6727,-11.655],false,[64.2273,57.9547,56.5553],[64.2273,57.9547,56.5553],[18.3805,64.6787,46.4006],[-10.5652,68.4707,32.3434],[-31.6013,71.4421,25.7636],[[[0.245525,0.968589,-0.0394148],[-0.193663,0.0888498,0.977036],[0.949848,-0.232254,0.209395]],[[0.157517,0.985787,-0.0584233],[-0.202744,0.0901843,0.97507],[0.96648,-0.141745,0.214068]],[[0.157517,0.985787,-0.0584233],[-0.420844,0.120531,0.89909],[0.893353,-0.117035,0.433848]],[[0.157517,0.985787,-0.0584233],[-0.283841,0.101861,0.953446],[0.945845,-0.133601,0.295851]]],0],[1381,[-0.595812,-0.343665,-0.72588],138,55.885,[-41.8411,82.0846,-31.0773],[-42.3817,82.1383,-35.5864],[0.736592,0.700548,-22.5983],false,[64.3919,80.1478,52.6999],[5.40959,92.9954,17.4306],[-23.7247,97.3366,-10.84],[-37.41,89.4429,-27.5129],[-44.1579,79.0125,-37.9674],[[[0.53684,0.274833,-0.797665],[0.00793625,0.943768,0.330514],[0.843646,-0.183764,0.504472]],[[0.694931,0.23246,-0.680466],[-0.0886098,0.966776,0.239775],[0.713596,-0.106331,0.692441]],[[0.694931,0.23246,-0.680466],[-0.40259,0.909866,-0.100321],[0.595812,0.343665,0.72588]],[[0.694931,0.23246,-0.680466],[-0.586812,0.730261,-0.349815],[0.415599,0.642403,0.643891]]],1],[1382,[-0.583101,-0.280535,-0.762426],138,63.6765,[-31.957,89.926,-56.8742],[-30.3673,92.1784,-61.3079],[4.61924,-2.57381,-25.7217],false,[70.1466,84.9588,43.7188],[19.6094,99.4334,3.31739],[-8.33561,107.451,-32.0789],[-24.0929,99.87,-52.6821],[-32.5835,89.12,-64.1389],[[[0.636613,0.082536,-0.766754],[0.117101,0.972381,0.201896],[0.762241,-0.218318,0.609365]],[[0.788049,0.0327366,-0.614742],[0.0823046,0.984018,0.157909],[0.610086,-0.175036,0.772759]],[[0.788049,0.0327366,-0.614742],[-0.197416,0.959285,-0.201987],[0.583101,0.280535,0.762426]],[[0.788049,0.0327366,-0.614742],[-0.391057,0.797849,-0.458815],[0.475451,0.601968,0.641546]]],2],[1383,[-0.592789,-0.223395,-0.773754],138,61.2267,[-10.4454,98.9016,-68.2399],[-9.2425,97.9605,-70.8411],[7.74623,-14.7192,-23.3968],false,[77.0483,86.9198,34.5089],[37.9881,101.711,-7.90558],[13.4122,110.07,-41.5054],[-2.19312,104.189,-61.8747],[-11.5913,94.7745,-73.6349],[[[0.731193,-0.0240295,-0.681747],[0.186524,0.968338,0.165922],[0.656175,-0.248483,0.712524]],[[0.799897,-0.0516284,-0.597912],[0.158561,0.979071,0.127585],[0.578811,-0.196861,0.791343]],[[0.799897,-0.0516284,-0.597912],[-0.0936228,0.97336,-0.209298],[0.592789,0.223395,0.773754]],[[0.799897,-0.0516284,-0.597912],[-0.282832,0.846284,-0.451453],[0.529311,0.530224,0.662338]]],3],[1384,[-0.495014,-0.165193,-0.853037],138,48.0006,[25.4434,99.6524,-71.7743],[26.3391,98.4595,-73.0867],[10.4635,-26.3369,-19.6865],false,[85.2854,82.1261,24.9123],[55.3938,99.159,-18.1316],[42.0217,106.163,-48.1521],[32.821,103.092,-64.0074],[24.3146,95.816,-75.966],[[[0.761286,-0.212292,-0.612679],[0.355215,0.92703,0.120159],[0.542463,-0.309108,0.781144]],[[0.854584,-0.269953,-0.443634],[0.333645,0.940045,0.0706889],[0.397954,-0.208426,0.893416]],[[0.854584,-0.269953,-0.443634],[0.156994,0.948597,-0.274802],[0.495014,0.165193,0.853037]],[[0.854584,-0.269953,-0.443634],[0.0000205336,0.854289,-0.519798],[0.519313,0.444202,0.730068]]],4]],[[0,119.102,0],[140.092,140.092,87.9872]]],[268361,10851631059,[[138,"right",[-0.730229,0.363844,-0.578258],[-0.133643,-0.906114,-0.401368],[38.4089,87.5946,13.2806],[-1.05258,-8.70544,-14.4454],[37.5246,90.0923,16.8576],0,0,1,[[0.316123,0.111339,-0.942163],[-0.292126,0.956262,0.0149881],[0.902623,0.270492,0.334821]],60.5534,[312.881,143.61,125.366],[81.2838,74.2066,39.4572]]],[[1380,[-0.892771,0.117755,-0.434849],138,49.5264,[-24.0041,71.1669,32.7374],[-26.6496,70.8914,26.8685],[-6.76314,12.1498,-14.4673],false,[64.1355,57.8771,56.4611],[64.1355,57.8771,56.4611],[18.3064,64.6445,46.2554],[-10.6205,68.4599,32.1658],[-31.6455,71.4498,25.5588],[[[0.24665,0.968293,-0.0396637],[-0.194465,0.0895482,0.976813],[0.949393,-0.233218,0.210386]],[[0.158625,0.985588,-0.0587734],[-0.203658,0.0909083,0.974812],[0.966106,-0.14266,0.215143]],[[0.158625,0.985588,-0.0587734],[-0.421661,0.121449,0.898583],[0.892771,-0.117755,0.434849]],[[0.158625,0.985588,-0.0587734],[-0.284888,0.102684,0.953045],[0.945345,-0.134433,0.297071]]],0],[1381,[-0.595752,-0.342914,-0.726285],138,55.885,[-41.8414,82.0844,-31.0785],[-42.373,82.1244,-35.7969],[0.681077,0.37015,-22.8874],false,[64.3286,80.0681,52.595],[5.39334,92.9646,17.2648],[-23.7091,97.3003,-11.0393],[-37.393,89.4238,-27.7215],[-44.1566,79.0124,-38.1849],[[[0.537885,0.273837,-0.797304],[0.00869215,0.943921,0.330057],[0.842973,-0.184463,0.505341]],[[0.695786,0.231355,-0.679969],[-0.0881812,0.967056,0.238802],[0.712816,-0.106195,0.693265]],[[0.695786,0.231355,-0.679969],[-0.4012,0.910431,-0.100764],[0.595752,0.342914,0.726285]],[[0.695786,0.231355,-0.679969],[-0.585111,0.731639,-0.349785],[0.416567,0.641233,0.644432]]],1],[1382,[-0.582901,-0.279256,-0.763048],138,63.6765,[-31.9568,89.9263,-56.8751],[-30.3293,92.1497,-61.5267],[4.38107,-2.13341,-25.4879],false,[70.097,84.8682,43.6168],[19.6134,99.3797,3.16163],[-8.29206,107.376,-32.2706],[-24.0439,99.8299,-52.8906],[-32.5537,89.1203,-64.3711],[[[0.637413,0.0814432,-0.766206],[0.118008,0.972348,0.201527],[0.761432,-0.218874,0.610176]],[[0.788665,0.0315435,-0.614013],[0.0827933,0.984138,0.156901],[0.609223,-0.174579,0.773544]],[[0.788665,0.0315435,-0.614013],[-0.195536,0.959698,-0.201853],[0.582901,0.279256,0.763048]],[[0.788665,0.0315435,-0.614013],[-0.388506,0.799598,-0.457937],[0.476519,0.599707,0.64287]]],2],[1383,[-0.592388,-0.222499,-0.774319],138,61.2267,[-10.4288,98.8704,-68.2845],[-9.18293,97.8892,-71.0349],[7.27724,-12.2845,-23.0039],false,[77.0094,86.8169,34.4123],[38.005,101.631,-8.04548],[13.4638,109.967,-41.6763],[-2.13101,104.11,-62.0605],[-11.5382,94.7278,-73.8395],[[[0.731795,-0.0251866,-0.68106],[0.187459,0.968209,0.165618],[0.655237,-0.24887,0.713252]],[[0.800387,-0.0528198,-0.597153],[0.15907,0.979116,0.126602],[0.577995,-0.196319,0.792074]],[[0.800387,-0.0528198,-0.597153],[-0.0919667,0.973501,-0.209375],[0.592388,0.222499,0.774319]],[[0.800387,-0.0528198,-0.597153],[-0.280489,0.847358,-0.450901],[0.529818,0.528389,0.663398]]],3],[1384,[-0.494166,-0.165452,-0.853479],138,48.0006,[25.5052,99.4936,-71.8846],[26.4113,98.3045,-73.2489],[9.78863,-23.6535,-19.2892],false,[85.25,82.0092,24.8257],[55.4172,99.0546,-18.2541],[42.0739,106.005,-48.2999],[32.8889,102.929,-64.1634],[24.3893,95.6674,-76.1355],[[[0.761612,-0.213449,-0.611871],[0.356145,0.926689,0.120031],[0.541394,-0.309333,0.781797]],[[0.854834,-0.271231,-0.442371],[0.334023,0.940029,0.0691025],[0.397099,-0.206833,0.894166]],[[0.854834,-0.271231,-0.442371],[0.158299,0.948187,-0.275467],[0.494166,0.165452,0.853479]],[[0.854834,-0.271231,-0.442371],[0.00212054,0.854334,-0.51972],[0.518897,0.443336,0.730889]]],4]],[[0,119.102,0],[140.092,140.092,87.9872]]],[268362,10851640098,[[138,"right",[-0.728752,0.364539,-0.579682],[-0.134656,-0.906285,-0.400643],[38.3793,87.4938,13.072],[-1.66525,-9.38033,-16.8241],[37.526,90.0878,16.851],0,0,1,[[0.317784,0.1088,-0.9419],[-0.29209,0.956316,0.0119175],[0.902051,0.271333,0.335682]],60.5534,[312.643,143.676,125.454],[81.1927,74.0571,39.3241]]],[[1380,[-0.891875,0.118642,-0.436444],138,49.5264,[-24.0123,71.1658,32.7202],[-26.7286,70.9,26.5693],[-7.11119,8.8975,-20.1635],false,[63.9912,57.775,56.3198],[63.9912,57.775,56.3198],[18.1899,64.6009,46.0287],[-10.708,68.445,31.8874],[-31.7135,71.4583,25.2295],[[[0.248409,0.967817,-0.0402876],[-0.195718,0.0908815,0.97644],[0.948677,-0.234672,0.211995]],[[0.160227,0.98528,-0.0595883],[-0.205175,0.0922938,0.974364],[0.965521,-0.143893,0.216943]],[[0.160227,0.98528,-0.0595883],[-0.42295,0.123075,0.897756],[0.891875,-0.118642,0.436444]],[[0.160227,0.98528,-0.0595883],[-0.286879,0.104245,0.952278],[0.944472,-0.135486,0.299359]]],0],[1381,[-0.595929,-0.341518,-0.726797],138,55.885,[-41.8415,82.0843,-31.0794],[-42.3726,82.0958,-36.1273],[0.160487,0.0638235,-26.9241],false,[64.2289,79.9617,52.4314],[5.36751,92.9258,17.0031],[-23.6881,97.2303,-11.3539],[-37.3761,89.3859,-28.0479],[-44.1759,79.015,-38.528],[[[0.539517,0.272082,-0.796802],[0.00987502,0.944239,0.329114],[0.841917,-0.185431,0.506746]],[[0.69701,0.229495,-0.679344],[-0.0877736,0.967583,0.236812],[0.711669,-0.105432,0.694559]],[[0.69701,0.229495,-0.679344],[-0.398805,0.911426,-0.101278],[0.595929,0.341518,0.726797]],[[0.69701,0.229495,-0.679344],[-0.582055,0.7344,-0.349096],[0.418795,0.638739,0.645463]]],1],[1382,[-0.582708,-0.277,-0.764017],138,63.6765,[-31.9566,89.9265,-56.8757],[-30.2799,92.0985,-61.878],[4.4228,-1.93062,-29.5917],false,[70.0187,84.7425,43.4568],[19.6192,99.3016,2.91394],[-8.22757,107.244,-32.5765],[-23.9742,99.7589,-53.2227],[-32.5213,89.1251,-64.7459],[[[0.638661,0.0795453,-0.765366],[0.119426,0.972344,0.200712],[0.760164,-0.219592,0.611498]],[[0.78959,0.0295403,-0.612923],[0.0833942,0.984408,0.154876],[0.607941,-0.173403,0.774815]],[[0.78959,0.0295403,-0.612923],[-0.192349,0.960416,-0.201503],[0.582708,0.277,0.764017]],[[0.78959,0.0295403,-0.612923],[-0.384034,0.80284,-0.456033],[0.478607,0.595463,0.645259]]],2],[1383,[-0.591754,-0.220381,-0.775409],138,61.2267,[-10.4152,98.8458,-68.3227],[-9.09614,97.7697,-71.3587],[7.69081,-11.0568,-27.1229],false,[76.9478,86.6697,34.2603],[38.0309,101.51,-8.26883],[13.5443,109.779,-41.9559],[-2.03382,103.977,-62.3688],[-11.4642,94.6755,-74.1929],[[[0.732732,-0.0271637,-0.679975],[0.188922,0.968046,0.164908],[0.653768,-0.249296,0.714451]],[[0.801215,-0.0548583,-0.595857],[0.159567,0.979318,0.124399],[0.576709,-0.19475,0.793398]],[[0.801215,-0.0548583,-0.595857],[-0.0887778,0.97387,-0.209035],[0.591754,0.220381,0.775409]],[[0.801215,-0.0548583,-0.595857],[-0.275614,0.850035,-0.448862],[0.531123,0.523861,0.665941]]],3],[1384,[-0.492605,-0.166596,-0.854158],138,48.0006,[25.5644,99.3415,-71.9943],[26.5249,98.0001,-73.5161],[10.6719,-26.4078,-22.416],false,[85.1938,81.8378,24.6905],[55.4533,98.8918,-18.4497],[42.1509,105.704,-48.5452],[32.9949,102.607,-64.4213],[24.5102,95.3686,-76.4181],[[[0.762119,-0.215408,-0.610553],[0.357601,0.926183,0.119608],[0.539719,-0.309489,0.782892]],[[0.855369,-0.273441,-0.439971],[0.334098,0.940284,0.0651529],[0.395882,-0.202723,0.895646]],[[0.855369,-0.273441,-0.439971],[0.160264,0.947352,-0.277199],[0.492605,0.166596,0.854158]],[[0.855369,-0.273441,-0.439971],[0.00583916,0.854368,-0.519636],[0.517986,0.441911,0.732396]]],4]],[[0,119.102,0],[140.092,140.092,87.9872]]],[268363,10851649089,[[138,"right",[-0.727599,0.364821,-0.580952],[-0.135696,-0.906672,-0.399414],[38.3497,87.4358,12.8649],[-2.11159,-8.57821,-18.5275],[37.5271,90.0843,16.8457],0,0,1,[[0.319461,0.106268,-0.941622],[-0.291785,0.956442,0.00894716],[0.901557,0.271893,0.336554]],60.5534,[312.439,143.734,125.533],[81.1157,73.9708,39.1796]]],[[1380,[-0.891291,0.119437,-0.43742],138,49.5264,[-24.0189,71.1651,32.7063],[-26.7993,70.9662,26.3253],[-7.30076,8.56021,-22.0973],false,[63.8716,57.7415,56.1827],[63.8716,57.7415,56.1827],[18.0913,64.6259,45.8373],[-10.7876,68.4958,31.6644],[-31.7808,71.5327,24.9783],[[[0.249983,0.967361,-0.0414955],[-0.19654,0.0926602,0.976108],[0.948093,-0.235855,0.213289]],[[0.161875,0.98493,-0.060904],[-0.205962,0.0940801,0.974027],[0.965078,-0.145127,0.218088]],[[0.161875,0.98493,-0.060904],[-0.423553,0.125091,0.897193],[0.891291,-0.119437,0.43742]],[[0.161875,0.98493,-0.060904],[-0.287778,0.106152,0.951796],[0.943918,-0.136545,0.300624]]],0],[1381,[-0.596323,-0.340561,-0.726923],138,55.885,[-41.8416,82.0842,-31.0801],[-42.3913,82.0716,-36.4201],[-0.738979,-0.0629962,-28.7866],false,[64.1483,79.9219,52.2613],[5.34269,92.926,16.755],[-23.6769,97.1774,-11.6467],[-37.374,89.355,-28.3436],[-44.2129,79.0196,-38.8333],[[[0.540736,0.270028,-0.796674],[0.0110465,0.944716,0.327704],[0.84112,-0.186002,0.507859]],[[0.697945,0.227402,-0.679088],[-0.0874784,0.968217,0.234313],[0.710788,-0.104132,0.695656]],[[0.697945,0.227402,-0.679088],[-0.396574,0.912308,-0.102088],[0.596323,0.340561,0.726923]],[[0.697945,0.227402,-0.679088],[-0.579189,0.736947,-0.348495],[0.421204,0.636551,0.646057]]],1],[1382,[-0.582788,-0.275654,-0.764443],138,63.6765,[-31.9565,89.9266,-56.8762],[-30.2642,92.0317,-62.1909],[3.42609,-2.61545,-31.289],false,[69.9546,84.68,43.2852],[19.6184,99.258,2.67051],[-8.19087,107.124,-32.8664],[-23.9397,99.6749,-53.5241],[-32.5224,89.0985,-65.0736],[[[0.639544,0.077382,-0.76485],[0.120769,0.972454,0.199369],[0.759209,-0.219876,0.612581]],[[0.790167,0.0273963,-0.612279],[0.0838898,0.984764,0.152326],[0.607123,-0.171727,0.77583]],[[0.790167,0.0273963,-0.612279],[-0.18972,0.960867,-0.201846],[0.582788,0.275654,0.764443]],[[0.790167,0.0273963,-0.612279],[-0.380338,0.805291,-0.454807],[0.480603,0.592246,0.646734]]],2],[1383,[-0.591304,-0.2199,-0.775889],138,61.2267,[-10.4043,98.8254,-68.3551],[-9.04452,97.6049,-71.6564],[7.03551,-12.4938,-29.1505],false,[76.8958,86.5825,34.0927],[38.0447,101.42,-8.4973],[13.5938,109.583,-42.236],[-1.9725,103.794,-62.6616],[-11.4206,94.5398,-74.5084],[[[0.733361,-0.0293474,-0.679206],[0.190294,0.967993,0.163641],[0.652664,-0.249256,0.715473]],[[0.801792,-0.0570565,-0.594873],[0.159708,0.979684,0.121295],[0.575867,-0.192259,0.794615]],[[0.801792,-0.0570565,-0.594873],[-0.086543,0.973852,-0.210051],[0.591304,0.2199,0.775889]],[[0.801792,-0.0570565,-0.594873],[-0.271985,0.851518,-0.448264],[0.532122,0.521211,0.667222]]],3],[1384,[-0.49152,-0.167705,-0.854566],138,48.0006,[25.6182,99.1982,-72.1018],[26.595,97.722,-73.7789],[9.93072,-27.401,-24.5227],false,[85.1436,81.7231,24.5383],[55.4729,98.7593,-18.6569],[42.196,105.438,-48.7936],[33.0602,102.32,-64.6772],[24.5838,95.1037,-76.693],[[[0.76238,-0.217533,-0.609472],[0.35895,0.925795,0.118571],[0.538453,-0.309166,0.783891]],[[0.855647,-0.27565,-0.438047],[0.334283,0.940487,0.0611418],[0.395124,-0.198747,0.89687]],[[0.855647,-0.27565,-0.438047],[0.162098,0.946516,-0.278984],[0.49152,0.167705,0.854566]],[[0.855647,-0.27565,-0.438047],[0.00920898,0.854345,-0.519625],[0.517478,0.440582,0.733556]]],4]],[[0,119.102,0],[140.092,140.092,87.9872]]],[268364,10851658106,[[138,"right",[-0.726169,0.366087,-0.581944],[-0.137108,-0.906553,-0.399203],[38.3194,87.3031,12.7118],[-2.45475,-10.2658,-18.1038],[37.528,90.0812,16.8411],0,0,1,[[0.320799,0.103857,-0.941436],[-0.291918,0.956424,0.0060378],[0.901039,0.272885,0.337138]],60.5534,[312.218,143.778,125.585],[81.027,73.7604,39.0815]]],[[1380,[-0.890579,0.121187,-0.438387],138,49.5264,[-24.0189,71.1651,32.7063],[-26.8813,70.9766,26.108],[-7.75441,6.67381,-22.6822],false,[63.7296,57.5738,56.0712],[63.7296,57.5738,56.0712],[17.9754,64.5524,45.6736],[-10.8805,68.479,31.4693],[-31.8579,71.5576,24.7529],[[[0.252031,0.966825,-0.0415982],[-0.19748,0.0934651,0.975841],[0.947355,-0.237728,0.214484]],[[0.164052,0.984557,-0.0611009],[-0.206814,0.0948918,0.973768],[0.964528,-0.147113,0.219187]],[[0.164052,0.984557,-0.0611009],[-0.424212,0.126334,0.896707],[0.890579,-0.121187,0.438387]],[[0.164052,0.984557,-0.0611009],[-0.288869,0.107173,0.951351],[0.943208,-0.138421,0.30199]]],0],[1381,[-0.596867,-0.33844,-0.727467],138,55.885,[-41.8417,82.0842,-31.0805],[-42.4104,82.0665,-36.6761],[-1.48233,0.47311,-28.9511],false,[64.0568,79.752,52.141],[5.31933,92.8631,16.5613],[-23.661,97.1052,-11.8819],[-37.3706,89.3314,-28.5913],[-44.2542,79.0487,-39.1035],[[[0.542217,0.268584,-0.796156],[0.0126203,0.944825,0.327333],[0.840144,-0.187533,0.50891]],[[0.699012,0.225743,-0.678544],[-0.0867669,0.96863,0.232867],[0.709826,-0.103902,0.696671]],[[0.699012,0.225743,-0.678544],[-0.393867,0.913509,-0.101835],[0.596867,0.33844,0.727467]],[[0.699012,0.225743,-0.678544],[-0.575882,0.740244,-0.346983],[0.423959,0.633307,0.647441]]],1],[1382,[-0.582885,-0.27322,-0.765242],138,63.6765,[-31.9564,89.9267,-56.8765],[-30.2355,92.0052,-62.4551],[3.07493,-1.93737,-30.9963],false,[69.8833,84.4944,43.1698],[19.6245,99.1598,2.49081],[-8.13925,107,-33.0875],[-23.8907,99.6166,-53.7668],[-32.5118,89.1141,-65.3551],[[[0.640589,0.075747,-0.764139],[0.122549,0.972284,0.199114],[0.758042,-0.221195,0.613551]],[[0.790832,0.0255509,-0.6115],[0.0848183,0.984912,0.150846],[0.606127,-0.17116,0.776733]],[[0.790832,0.0255509,-0.6115],[-0.186627,0.961612,-0.201178],[0.582885,0.27322,0.765242]],[[0.790832,0.0255509,-0.6115],[-0.376205,0.808383,-0.452755],[0.482757,0.588103,0.648907]]],2],[1383,[-0.590862,-0.218254,-0.77669],138,61.2267,[-10.3952,98.8088,-68.3823],[-8.97039,97.5043,-71.8904],[7.26095,-11.462,-28.5636],false,[76.8391,86.3788,33.9846],[38.0681,101.279,-8.65649],[13.6662,109.419,-42.4364],[-1.88844,103.673,-62.883],[-11.3537,94.4736,-74.7587],[[[0.734086,-0.0311411,-0.678342],[0.192105,0.967664,0.163468],[0.651317,-0.250313,0.716331]],[[0.802408,-0.0589775,-0.593854],[0.160767,0.979679,0.119932],[0.574713,-0.191707,0.795584]],[[0.802408,-0.0589775,-0.593854],[-0.0838036,0.974108,-0.209976],[0.590862,0.218254,0.77669]],[[0.802408,-0.0589775,-0.593854],[-0.268248,0.853265,-0.447194],[0.533089,0.518132,0.668846]]],3],[1384,[-0.490478,-0.167849,-0.855136],138,48.0006,[25.6691,99.0611,-72.2053],[26.6796,97.4621,-73.9753],[9.74003,-27.6336,-23.9551],false,[85.0878,81.4985,24.4417],[55.5026,98.5783,-18.7948],[42.2551,105.159,-48.966],[33.1387,102.039,-64.8602],[24.6685,94.857,-76.9014],[[[0.762635,-0.219358,-0.608498],[0.360726,0.925099,0.118611],[0.536903,-0.309958,0.784641]],[[0.855827,-0.277768,-0.436353],[0.334859,0.940476,0.0580884],[0.394245,-0.195831,0.897898]],[[0.855827,-0.277768,-0.436353],[0.164288,0.945871,-0.279889],[0.490478,0.167849,0.855136]],[[0.855827,-0.277768,-0.436353],[0.0128717,0.854759,-0.518866],[0.517101,0.438443,0.735101]]],4]],[[0,119.102,0],[140.092,140.092,87.9872]]],[268365,10851667195,[[138,"right",[-0.724632,0.367314,-0.583085],[-0.138517,-0.906476,-0.39889],[38.2815,87.1759,12.6082],[-2.9302,-11.2992,-16.2443],[37.5288,90.0783,16.8369],0,0,1,[[0.321907,0.101235,-0.941343],[-0.291911,0.956441,0.00303539],[0.900646,0.273811,0.337437]],60.5534,[312.016,143.812,125.621],[80.9258,73.5568,39.0409]]],[[1380,[-0.889817,0.123443,-0.439303],138,49.5264,[-24.0189,71.1651,32.7063],[-26.9745,71.0264,25.9474],[-8.2836,7.14927,-21.2682],false,[63.5721,57.4162,56.0167],[63.5721,57.4162,56.0167],[17.8456,64.5158,45.5788],[-10.9855,68.5155,31.3448],[-31.9406,71.6458,24.5826],[[[0.254141,0.966264,-0.0417937],[-0.198548,0.0944156,0.975533],[0.946568,-0.239625,0.215845]],[[0.166783,0.984086,-0.0612984],[-0.207363,0.0957869,0.973563],[0.963942,-0.149663,0.220039]],[[0.166783,0.984086,-0.0612984],[-0.424745,0.127813,0.896245],[0.889817,-0.123443,0.439303]],[[0.166783,0.984086,-0.0612984],[-0.290583,0.108466,0.950682],[0.942202,-0.140746,0.304049]]],0],[1381,[-0.597342,-0.336396,-0.728025],138,55.885,[-41.8417,82.0841,-31.0809],[-42.4317,82.0621,-36.8929],[-2.09485,0.818741,-27.8028],false,[63.9515,79.5915,52.075],[5.28834,92.8082,16.4119],[-23.6493,97.0331,-12.0774],[-37.3698,89.3063,-28.7995],[-44.2981,79.0766,-39.334],[[[0.543821,0.266997,-0.795595],[0.0142049,0.944974,0.326838],[0.839081,-0.189042,0.510103]],[[0.700153,0.22396,-0.677958],[-0.0861226,0.969089,0.231192],[0.70878,-0.103482,0.697799]],[[0.700153,0.22396,-0.677958],[-0.391111,0.914702,-0.101748],[0.597342,0.336396,0.728025]],[[0.700153,0.22396,-0.677958],[-0.572452,0.743563,-0.345561],[0.426713,0.630044,0.648815]]],1],[1382,[-0.582922,-0.270835,-0.766062],138,63.6765,[-31.9563,89.9268,-56.8768],[-30.2062,91.9777,-62.6791],[2.80213,-1.5096,-29.4638],false,[69.7997,84.3167,43.1088],[19.6251,99.0668,2.35659],[-8.0899,106.874,-33.2668],[-23.8423,99.5555,-53.9683],[-32.5016,89.1277,-65.5954],[[[0.641741,0.0739689,-0.763346],[0.124358,0.972129,0.198747],[0.756772,-0.222473,0.614656]],[[0.791546,0.0235879,-0.610654],[0.0857423,0.985084,0.149193],[0.605064,-0.170452,0.777717]],[[0.791546,0.0235879,-0.610654],[-0.183456,0.962337,-0.200628],[0.582922,0.270835,0.766062]],[[0.791546,0.0235879,-0.610654],[-0.371932,0.811467,-0.450764],[0.484893,0.583922,0.651087]]],2],[1383,[-0.590286,-0.217233,-0.777414],138,61.2267,[-10.3872,98.794,-68.4063],[-8.90404,97.3312,-72.0904],[7.10785,-13.3608,-27.0712],false,[76.7714,86.1812,33.9316],[38.0876,101.141,-8.76786],[13.7265,109.177,-42.602],[-1.81294,103.458,-63.0676],[-11.2971,94.3216,-74.9771],[[[0.734898,-0.0330711,-0.67737],[0.193951,0.967342,0.163194],[0.649852,-0.251308,0.717312]],[[0.803087,-0.0610222,-0.592729],[0.160808,0.980028,0.116983],[0.573752,-0.189263,0.796861]],[[0.803087,-0.0610222,-0.592729],[-0.0813208,0.97421,-0.210478],[0.590286,0.217233,0.777414]],[[0.803087,-0.0610222,-0.592729],[-0.26407,0.855275,-0.445839],[0.534152,0.514569,0.670746]]],3],[1384,[-0.48944,-0.167961,-0.855709],138,48.0006,[25.7189,98.9268,-72.3051],[26.7683,97.2125,-74.1201],[9.68606,-27.3376,-21.8212],false,[85.0222,81.2782,24.4022],[55.5295,98.3974,-18.882],[42.3181,104.897,-49.0865],[33.2209,101.775,-64.9914],[24.7566,94.6223,-77.054],[[[0.762956,-0.22131,-0.607387],[0.362539,0.924394,0.118579],[0.535223,-0.310673,0.785506]],[[0.855984,-0.279953,-0.434647],[0.335718,0.940326,0.0554976],[0.393173,-0.193424,0.898889]],[[0.855984,-0.279953,-0.434647],[0.166555,0.945206,-0.280792],[0.48944,0.167961,0.855709]],[[0.855984,-0.279953,-0.434647],[0.0163658,0.854956,-0.518442],[0.516744,0.436664,0.73641]]],4]],[[0,119.102,0],[140.092,140.092,87.9872]]],[268366,10851676187,[[138,"right",[-0.723236,0.368639,-0.583982],[-0.139709,-0.90623,-0.399034],[38.244,87.0371,12.5192],[-3.27052,-12.433,-14.5046],[37.5295,90.0753,16.8327],0,0,1,[[0.322794,0.099171,-0.94126],[-0.292116,0.956383,0.000586899],[0.900263,0.274767,0.337684]],60.5534,[311.822,143.84,125.648],[80.8307,73.3398,39.0043]]],[[1380,[-0.888926,0.124925,-0.440687],138,49.5264,[-24.0189,71.1651,32.7063],[-27.0577,70.9986,25.7705],[-8.3954,4.2515,-21.2111],false,[63.4262,57.232,55.9594],[63.4262,57.232,55.9594],[17.726,64.41,45.4605],[-11.0762,68.4578,31.1817],[-32.015,71.6231,24.3854],[[[0.255983,0.96579,-0.0415102],[-0.199566,0.0948134,0.975287],[0.945857,-0.241373,0.217009]],[[0.16857,0.983791,-0.0611468],[-0.208484,0.0962168,0.973281],[0.963389,-0.151318,0.221324]],[[0.16857,0.983791,-0.0611468],[-0.425905,0.128642,0.895576],[0.888926,-0.124925,0.440687]],[[0.16857,0.983791,-0.0611468],[-0.291926,0.10908,0.9502],[0.941469,-0.142325,0.305582]]],0],[1381,[-0.597821,-0.33405,-0.728712],138,55.885,[-41.8417,82.0841,-31.0811],[-42.4567,82.0536,-37.0916],[-2.66254,1.0008,-26.4896],false,[63.8516,79.4064,52.0176],[5.25671,92.7307,16.2823],[-23.6422,96.9477,-12.2474],[-37.3737,89.2749,-28.9853],[-44.3455,79.1033,-39.5473],[[[0.545287,0.265964,-0.794937],[0.0155566,0.944956,0.326828],[0.838105,-0.190582,0.511135]],[[0.701167,0.222718,-0.677319],[-0.0856722,0.969395,0.230071],[0.707832,-0.103291,0.698789]],[[0.701167,0.222718,-0.677319],[-0.388556,0.915864,-0.101079],[0.597821,0.33405,0.728712]],[[0.701167,0.222718,-0.677319],[-0.569198,0.746952,-0.343623],[0.429394,0.626466,0.650509]]],1],[1382,[-0.583094,-0.267357,-0.767152],138,63.6765,[-31.9563,89.9268,-56.877],[-30.1931,91.9837,-62.8909],[2.08559,0.432657,-28.1609],false,[69.7195,84.1204,43.0584],[19.6222,98.9623,2.24438],[-8.04857,106.753,-33.4169],[-23.8057,99.5285,-54.1479],[-32.5103,89.2009,-65.8304],[[[0.64281,0.0727559,-0.762563],[0.125917,0.971903,0.198872],[0.755606,-0.223856,0.615588]],[[0.792203,0.0221541,-0.609856],[0.0864833,0.985179,0.14813],[0.604099,-0.170091,0.778546]],[[0.792203,0.0221541,-0.609856],[-0.180045,0.963343,-0.198883],[0.583094,0.267357,0.767152]],[[0.792203,0.0221541,-0.609856],[-0.367181,0.815513,-0.447343],[0.487435,0.578314,0.654186]]],2],[1383,[-0.589739,-0.21548,-0.778316],138,61.2267,[-10.3803,98.7814,-68.427],[-8.83306,97.2477,-72.258],[7.25169,-11.6181,-25.0141],false,[76.7059,85.9717,33.8897],[38.1022,101.002,-8.85753],[13.7907,109.026,-42.7302],[-1.73435,103.353,-63.2196],[-11.2314,94.2711,-75.1603],[[[0.735664,-0.0344539,-0.67647],[0.195544,0.966986,0.163404],[0.648507,-0.25249,0.718114]],[[0.803739,-0.0625472,-0.591685],[0.161716,0.979987,0.116079],[0.572583,-0.188982,0.797768]],[[0.803739,-0.0625472,-0.591685],[-0.0788151,0.974503,-0.210076],[0.589739,0.21548,0.778316]],[[0.803739,-0.0625472,-0.591685],[-0.260588,0.857,-0.444573],[0.534881,0.511507,0.672505]]],3],[1384,[-0.488523,-0.167924,-0.85624],138,48.0006,[25.7668,98.7958,-72.4004],[26.8429,96.9845,-74.242],[9.16345,-26.6245,-19.6027],false,[84.9592,81.0532,24.3705],[55.5513,98.2256,-18.9503],[42.3663,104.649,-49.1825],[33.2862,101.528,-65.0973],[24.8279,94.4071,-77.1827],[[[0.763287,-0.222743,-0.606447],[0.364106,0.923724,0.118997],[0.533684,-0.31164,0.786169]],[[0.856143,-0.281658,-0.43323],[0.336233,0.940278,0.0531507],[0.392386,-0.191171,0.899715]],[[0.856143,-0.281658,-0.43323],[0.168417,0.944706,-0.281363],[0.488523,0.167924,0.85624]],[[0.856143,-0.281658,-0.43323],[0.0194684,0.855378,-0.517639],[0.516372,0.434738,0.737809]]],4]],[[0,119.102,0],[140.092,140.092,87.9872]]],[268367,10851685230,[[138,"right",[-0.722041,0.369717,-0.584778],[-0.140742,-0.906058,-0.399063],[38.206,86.913,12.4303],[-3.52644,-12.7899,-13.2168],[37.5301,90.0722,16.8283],0,0,1,[[0.323628,0.0973223,-0.941166],[-0.292285,0.95633,-0.00161437],[0.899908,0.275611,0.337941]],60.5534,[311.644,143.868,125.671],[80.7433,73.1511,38.9613]]],[[1380,[-0.887982,0.125675,-0.442373],138,49.5264,[-24.0189,71.1651,32.7063],[-27.1318,70.9411,25.5846],[-8.02192,0.786404,-21.9934],false,[63.2956,57.0733,55.9004],[63.2956,57.0733,55.9004],[17.6187,64.2962,45.3312],[-11.153,68.3682,30.9978],[-32.0748,71.5522,24.1579],[[[0.257567,0.965375,-0.0413677],[-0.200425,0.0952574,0.975067],[0.945246,-0.242854,0.21802]],[[0.169699,0.983593,-0.0612087],[-0.20983,0.0967477,0.972939],[0.962898,-0.152264,0.222806]],[[0.169699,0.983593,-0.0612087],[-0.427423,0.129423,0.89474],[0.887982,-0.125675,0.442373]],[[0.169699,0.983593,-0.0612087],[-0.293731,0.109768,0.949565],[0.940704,-0.143161,0.307539]]],0],[1381,[-0.598367,-0.33194,-0.729228],138,55.885,[-41.8418,82.0841,-31.0813],[-42.4916,82.0332,-37.2737],[-3.37274,0.735248,-24.9574],false,[63.7604,79.2465,51.9562],[5.22399,92.6596,16.1585],[-23.6438,96.8567,-12.4056],[-37.3879,89.2323,-29.1554],[-44.4028,79.1164,-39.7424],[[[0.546535,0.264992,-0.794405],[0.0167258,0.944972,0.326724],[0.837269,-0.191853,0.512028]],[[0.701961,0.221601,-0.676864],[-0.0854563,0.969704,0.22885],[0.70707,-0.102801,0.699631]],[[0.701961,0.221601,-0.676864],[-0.386275,0.916902,-0.10041],[0.598367,0.33194,0.729228]],[[0.701961,0.221601,-0.676864],[-0.566203,0.750147,-0.341604],[0.432048,0.623035,0.652045]]],1],[1382,[-0.583217,-0.264591,-0.768016],138,63.6765,[-31.9563,89.9269,-56.8771],[-30.1894,91.9663,-63.0859],[1.34787,0.699132,-26.6022],false,[69.6452,83.95,43.0024],[19.614,98.8665,2.13464],[-8.02079,106.626,-33.5616],[-23.7812,99.4754,-54.3159],[-32.5246,89.2331,-66.0445],[[[0.643715,0.0716318,-0.761905],[0.127261,0.971726,0.198878],[0.754609,-0.224982,0.616399]],[[0.792752,0.0208572,-0.609187],[0.0869375,0.985328,0.14687],[0.603312,-0.169392,0.779308]],[[0.792752,0.0208572,-0.609187],[-0.177204,0.964135,-0.197591],[0.583217,0.264591,0.768016]],[[0.792752,0.0208572,-0.609187],[-0.36309,0.818914,-0.444461],[0.489602,0.573537,0.656769]]],2],[1383,[-0.589237,-0.214537,-0.778957],138,61.2267,[-10.3741,98.7696,-68.4461],[-8.79389,97.0862,-72.4262],[6.32855,-13.2029,-23.5225],false,[76.644,85.789,33.8408],[38.1086,100.875,-8.94837],[13.8248,108.797,-42.8648],[-1.68704,103.149,-63.3711],[-11.1997,94.128,-75.3452],[[[0.736309,-0.035715,-0.675702],[0.196917,0.966694,0.163484],[0.647359,-0.253432,0.718818]],[[0.804287,-0.0639219,-0.590793],[0.161292,0.980358,0.113506],[0.571933,-0.186582,0.798799]],[[0.804287,-0.0639219,-0.590793],[-0.0769544,0.974622,-0.210214],[0.589237,0.214537,0.778957]],[[0.804287,-0.0639219,-0.590793],[-0.257068,0.858928,-0.442898],[0.535759,0.508091,0.674393]]],3],[1384,[-0.487727,-0.168247,-0.85663],138,48.0006,[25.8135,98.6638,-72.4945],[26.8967,96.7503,-74.3627],[8.13675,-26.3159,-17.9041],false,[84.8993,80.856,24.3307],[55.5637,98.0698,-19.0227],[42.396,104.404,-49.2813],[33.3307,101.277,-65.2033],[24.8785,94.1827,-77.3089],[[[0.763559,-0.224038,-0.605627],[0.365457,0.923157,0.119256],[0.532371,-0.31239,0.786761]],[[0.856299,-0.283192,-0.431919],[0.336433,0.940355,0.0504403],[0.391873,-0.188504,0.900501]],[[0.856299,-0.283192,-0.431919],[0.169922,0.94419,-0.282191],[0.487727,0.168247,0.85663]],[[0.856299,-0.283192,-0.431919],[0.0222312,0.855708,-0.516981],[0.516001,0.433088,0.739038]]],4]],[[0,119.102,0],[140.092,140.092,87.9872]]],[268368,10851694305,[[138,"right",[-0.720971,0.370735,-0.585454],[-0.141745,-0.905888,-0.399093],[38.1625,86.7935,12.3457],[-3.87792,-12.8938,-12.139],[37.5308,90.0687,16.8236],0,0,1,[[0.324426,0.0956133,-0.941066],[-0.292465,0.956269,-0.0036673],[0.899562,0.276419,0.338202]],60.5534,[311.467,143.895,125.692],[80.6557,72.9708,38.9157]]],[[1380,[-0.887303,0.126589,-0.443473],138,49.5264,[-24.0189,71.1651,32.7063],[-27.2108,70.8946,25.4264],[-8.01476,-1.14814,-21.3172],false,[63.169,56.9209,55.8411],[63.169,56.9209,55.8411],[17.5131,64.1937,45.2154],[-11.2366,68.2953,30.8463],[-32.1441,71.5008,23.9728],[[[0.259048,0.964984,-0.0412408],[-0.201143,0.0956602,0.97488],[0.944688,-0.244245,0.218881]],[[0.1709,0.983384,-0.0612334],[-0.210886,0.0972153,0.972665],[0.962455,-0.153316,0.223996]],[[0.1709,0.983384,-0.0612334],[-0.428353,0.130122,0.894194],[0.887303,-0.126589,0.443473]],[[0.1709,0.983384,-0.0612334],[-0.295095,0.110381,0.949071],[0.94006,-0.144127,0.309056]]],0],[1381,[-0.599047,-0.329832,-0.729626],138,55.885,[-41.8418,82.0841,-31.0814],[-42.5422,82.0133,-37.4369],[-4.38174,0.608491,-23.1917],false,[63.6705,79.093,51.8949],[5.18581,92.5899,16.0442],[-23.6581,96.7681,-12.5468],[-37.4177,89.1921,-29.3058],[-44.4767,79.1317,-39.9163],[[[0.547632,0.264089,-0.79395],[0.0178515,0.94498,0.32664],[0.836529,-0.193052,0.512787]],[[0.702577,0.220584,-0.676556],[-0.0852351,0.969984,0.22774],[0.706484,-0.102339,0.70029]],[[0.702577,0.220584,-0.676556],[-0.384094,0.917907,-0.0995923],[0.599047,0.329832,0.729626]],[[0.702577,0.220584,-0.676556],[-0.563358,0.75327,-0.33943],[0.434756,0.619619,0.653498]]],1],[1382,[-0.583393,-0.261923,-0.768797],138,63.6765,[-31.9563,89.9269,-56.8772],[-30.2008,91.9505,-63.2652],[0.3962,0.901627,-24.9511],false,[69.5702,83.7867,42.9459],[19.5974,98.7738,2.03241],[-8.00624,106.503,-33.6943],[-23.7714,99.4252,-54.4697],[-32.5522,89.265,-66.2418],[[[0.644494,0.070588,-0.761344],[0.12854,0.971556,0.198889],[0.753727,-0.226046,0.617089]],[[0.79322,0.0196464,-0.608619],[0.0873783,0.985464,0.145692],[0.602634,-0.168746,0.779973]],[[0.79322,0.0196464,-0.608619],[-0.174515,0.964889,-0.196301],[0.583393,0.261923,0.768797]],[[0.79322,0.0196464,-0.608619],[-0.359216,0.822147,-0.441632],[0.491697,0.568937,0.6592]]],2],[1383,[-0.588789,-0.213727,-0.779518],138,61.2267,[-10.3682,98.758,-68.4645],[-8.77432,96.9159,-72.5851],[5.10731,-14.6477,-22.1383],false,[76.5798,85.6143,33.7903],[38.1049,100.753,-9.03447],[13.8427,108.562,-42.9927],[-1.65741,102.935,-63.5138],[-11.186,93.9747,-75.5209],[[[0.736851,-0.0368881,-0.675048],[0.198219,0.966415,0.163557],[0.646343,-0.254324,0.719416]],[[0.804775,-0.0652159,-0.589986],[0.160659,0.980779,0.110734],[0.571424,-0.183903,0.799784]],[[0.804775,-0.0652159,-0.589986],[-0.0752589,0.974714,-0.210401],[0.588789,0.213727,0.779518]],[[0.804775,-0.0652159,-0.589986],[-0.253645,0.860847,-0.441142],[0.536657,0.504667,0.676247]]],3],[1384,[-0.487108,-0.169127,-0.856809],138,48.0006,[25.8587,98.5272,-72.5885],[26.9244,96.4904,-74.4761],[6.51936,-27.0691,-16.3799],false,[84.8361,80.6679,24.288],[55.5647,97.921,-19.093],[42.4011,104.14,-49.3775],[33.3474,100.996,-65.3028],[24.9005,93.9243,-77.4252],[[[0.763757,-0.225245,-0.604929],[0.366732,0.922622,0.119483],[0.531208,-0.313103,0.787264]],[[0.856429,-0.284643,-0.430706],[0.336248,0.940601,0.0469853],[0.391748,-0.185064,0.901269]],[[0.856429,-0.284643,-0.430706],[0.171041,0.943596,-0.283497],[0.487108,0.169127,0.856809]],[[0.856429,-0.284643,-0.430706],[0.0247083,0.855916,-0.516524],[0.515673,0.431725,0.740064]]],4]],[[0,119.102,0],[140.092,140.092,87.9872]]],[268369,10851703325,[[138,"right",[-0.720115,0.371953,-0.585735],[-0.143489,-0.905758,-0.398766],[38.1556,86.691,12.2999],[-3.01972,-12.4721,-10.1956],[37.5315,90.0649,16.8185],0,0,1,[[0.325345,0.0934689,-0.940964],[-0.292491,0.956249,-0.00614373],[0.899222,0.277222,0.33845]],60.5534,[311.34,143.924,125.724],[80.616,72.7934,38.8833]]],[[1380,[-0.887135,0.128568,-0.443241],138,49.5264,[-24.0189,71.1651,32.7063],[-27.2592,70.9458,25.3986],[-7.2576,1.25213,-16.031],false,[63.094,56.7853,55.8117],[63.094,56.7853,55.8117],[17.4528,64.1625,45.1947],[-11.2914,68.3283,30.8331],[-32.1893,71.5797,23.9521],[[[0.260993,0.964445,-0.041569],[-0.201133,0.0964451,0.974804],[0.944155,-0.246056,0.219154]],[[0.173192,0.982965,-0.0615173],[-0.210433,0.0979513,0.972689],[0.962145,-0.155517,0.223813]],[[0.173192,0.982965,-0.0615173],[-0.427781,0.13134,0.894289],[0.887135,-0.128568,0.443241]],[[0.173192,0.982965,-0.0615173],[-0.295127,0.111388,0.948943],[0.93963,-0.146194,0.309391]]],0],[1381,[-0.600388,-0.327544,-0.729554],138,55.885,[-41.8418,82.0841,-31.0815],[-42.5924,82.0439,-37.5048],[-5.07391,2.14611,-19.0387],false,[63.6407,78.9548,51.857],[5.18998,92.5551,15.9899],[-23.6466,96.7281,-12.6092],[-37.4371,89.2047,-29.3665],[-44.5517,79.2005,-39.993],[[[0.54831,0.262679,-0.79395],[0.0196881,0.94507,0.326274],[0.836043,-0.194531,0.51302]],[[0.702878,0.219,-0.676759],[-0.0842338,0.970356,0.226524],[0.706306,-0.102213,0.700489]],[[0.702878,0.219,-0.676759],[-0.38144,0.919105,-0.0987382],[0.600388,0.327544,0.729554]],[[0.702878,0.219,-0.676759],[-0.560319,0.756567,-0.337118],[0.438184,0.616153,0.654484]]],1],[1382,[-0.584112,-0.259674,-0.769014],138,63.6765,[-31.9562,89.9269,-56.8773],[-30.2174,91.9546,-63.3541],[-0.390826,1.32279,-20.9638],false,[69.5515,83.6331,42.9072],[19.6166,98.7045,1.97846],[-7.97538,106.411,-33.7622],[-23.76,99.3939,-54.5434],[-32.5845,89.3029,-66.3422],[[[0.644777,0.0689959,-0.76125],[0.130453,0.971373,0.198534],[0.753156,-0.227318,0.617319]],[[0.793293,0.0178469,-0.608579],[0.0884668,0.985583,0.144221],[0.602379,-0.168248,0.780277]],[[0.793293,0.0178469,-0.608579],[-0.171756,0.965531,-0.195573],[0.584112,0.259674,0.769014]],[[0.793293,0.0178469,-0.608579],[-0.355679,0.824852,-0.439445],[0.494145,0.565067,0.660697]]],2],[1383,[-0.589037,-0.211822,-0.77985],138,61.2267,[-10.3628,98.7473,-68.4815],[-8.75869,96.8508,-72.6714],[4.12311,-11.8087,-19.0186],false,[76.5665,85.443,33.7522],[38.1301,100.643,-9.08571],[13.8849,108.424,-43.0624],[-1.62169,102.847,-63.5922],[-11.1788,93.9503,-75.6239],[[[0.736902,-0.0386317,-0.674895],[0.200129,0.966079,0.163217],[0.645697,-0.255341,0.719637]],[[0.80484,-0.0671013,-0.589686],[0.16176,0.980772,0.109177],[0.571022,-0.183258,0.800219]],[[0.80484,-0.0671013,-0.589686],[-0.0725793,0.975002,-0.210008],[0.589037,0.211822,0.77985]],[[0.80484,-0.0671013,-0.589686],[-0.250015,0.862791,-0.439414],[0.538261,0.501088,0.677632]]],3],[1384,[-0.487338,-0.170159,-0.856474],138,48.0006,[25.902,98.3829,-72.6821],[26.926,96.2211,-74.5412],[4.4359,-27.9668,-13.7272],false,[84.8147,80.4764,24.2534],[55.586,97.7713,-19.1399],[42.4024,103.87,-49.44],[33.3443,100.707,-65.3591],[24.8891,93.6553,-77.4874],[[[0.763417,-0.227015,-0.604698],[0.368562,0.92193,0.119191],[0.530431,-0.313861,0.787486]],[[0.85605,-0.286612,-0.430154],[0.336517,0.940699,0.0429119],[0.392346,-0.181489,0.901735]],[[0.85605,-0.286612,-0.430154],[0.172282,0.942815,-0.285342],[0.487338,0.170159,0.856474]],[[0.85605,-0.286612,-0.430154],[0.0270322,0.855876,-0.516475],[0.516186,0.4305,0.74042]]],4]],[[0,119.102,0],[140.092,140.092,87.9872]]],[268370,10851712398,[[138,"right",[-0.719094,0.372737,-0.586491],[-0.144351,-0.905689,-0.398611],[38.1037,86.584,12.2853],[-3.76791,-12.2852,-7.82304],[37.5323,90.0603,16.8124],0,0,1,[[0.32591,0.0916998,-0.940943],[-0.292576,0.956208,-0.00815069],[0.898989,0.277954,0.338467]],60.5534,[311.186,143.956,125.755],[80.5217,72.6377,38.9108]]],[[1380,[-0.886677,0.129798,-0.443798],138,49.5264,[-24.0189,71.1651,32.7063],[-27.3481,70.9376,25.3422],[-7.92249,0.91778,-13.2375],false,[62.9631,56.6584,55.8285],[62.9631,56.6584,55.8285],[17.34,64.1014,45.1798],[-11.3894,68.307,30.8002],[-32.2739,71.5866,23.8921],[[[0.262325,0.964081,-0.0416372],[-0.20187,0.0970198,0.974595],[0.943628,-0.247255,0.22007]],[[0.174704,0.98269,-0.0616387],[-0.210925,0.0984997,0.972527],[0.961764,-0.156903,0.224482]],[[0.174704,0.98269,-0.0616387],[-0.428115,0.132187,0.894004],[0.886677,-0.129798,0.443798]],[[0.174704,0.98269,-0.0616387],[-0.296141,0.112145,0.948538],[0.939031,-0.14746,0.310607]]],0],[1381,[-0.600825,-0.326,-0.729886],138,55.885,[-41.8418,82.0841,-31.0816],[-42.6429,82.0105,-37.5971],[-5.48044,0.985818,-16.7091],false,[63.5432,78.8259,51.8674],[5.14267,92.4935,15.9441],[-23.669,96.64,-12.684],[-37.4694,89.1521,-29.4489],[-44.6191,79.1921,-40.0934],[[[0.549368,0.261694,-0.793543],[0.0206672,0.945145,0.325997],[0.835325,-0.195493,0.513824]],[[0.703506,0.217936,-0.676449],[-0.0841142,0.970664,0.225246],[0.705694,-0.101563,0.7012]],[[0.703506,0.217936,-0.676449],[-0.37959,0.919907,-0.0984015],[0.600825,0.326,0.729886]],[[0.703506,0.217936,-0.676449],[-0.557831,0.759084,-0.335585],[0.440345,0.61343,0.655591]]],1],[1382,[-0.584033,-0.258129,-0.769594],138,63.6765,[-31.9562,89.9269,-56.8773],[-30.224,91.9064,-63.4548],[-0.595634,-0.219806,-18.3594],false,[69.4682,83.4935,42.9214],[19.59,98.6191,1.94359],[-7.96965,106.29,-33.8298],[-23.7521,99.3141,-54.6267],[-32.6001,89.2765,-66.4534],[[[0.645546,0.0678921,-0.760698],[0.131581,0.971259,0.198348],[0.752301,-0.228136,0.618059]],[[0.793788,0.0166191,-0.607968],[0.0888307,0.985739,0.142927],[0.601673,-0.16746,0.780991]],[[0.793788,0.0166191,-0.607968],[-0.169724,0.965967,-0.195194],[0.584033,0.258129,0.769594]],[[0.793788,0.0166191,-0.607968],[-0.35273,0.826919,-0.437934],[0.495462,0.562076,0.66226]]],2],[1383,[-0.588553,-0.21035,-0.780614],138,61.2267,[-10.3577,98.7371,-68.4976],[-8.734,96.751,-72.76],[3.73088,-10.9206,-16.8112],false,[76.4938,85.2911,33.7721],[38.1159,100.529,-9.10471],[13.9068,108.263,-43.1179],[-1.58705,102.725,-63.6678],[-11.1573,93.8855,-75.7313],[[[0.737449,-0.0398321,-0.674227],[0.201281,0.96586,0.163094],[0.644713,-0.255982,0.72029]],[[0.805384,-0.0684158,-0.588792],[0.162052,0.980889,0.107688],[0.570172,-0.182145,0.801079]],[[0.805384,-0.0684158,-0.588792],[-0.070446,0.975229,-0.209679],[0.588553,0.21035,0.780614]],[[0.805384,-0.0684158,-0.588792],[-0.24665,0.864557,-0.437841],[0.539,0.497856,0.679425]]],3],[1384,[-0.486716,-0.170801,-0.8567],138,48.0006,[25.9455,98.2283,-72.7773],[26.9434,95.9766,-74.586],[3.54482,-27.5797,-11.2869],false,[84.7437,80.3105,24.2822],[55.5769,97.631,-19.1425],[42.3976,103.621,-49.4661],[33.3511,100.446,-65.3894],[24.9014,93.42,-77.5361],[[[0.763649,-0.228228,-0.603948],[0.369694,0.921472,0.119232],[0.529308,-0.314327,0.788055]],[[0.856169,-0.287985,-0.428998],[0.3